L	0.6807	0.8751	1477010443000000	0.6000	0.6000	2.1999	0.0000	0.0000	0.0069
R	1.0324	0.8090	2.5115	1477010443050000	0.7100	0.6000	2.1997	0.0008	0.0003	0.0138
L	0.6175	1.0553	1477010443100000	0.8200	0.6001	2.1994	0.0023	0.0010	0.0207
R	1.5538	0.6155	2.2752	1477010443150000	0.9300	0.6003	2.1990	0.0046	0.0021	0.0276
L	1.1406	0.4194	1477010443200000	1.0399	0.6006	2.1984	0.0076	0.0035	0.0345
R	1.2064	0.4905	1.7167	1477010443250000	1.1498	0.6010	2.1977	0.0114	0.0052	0.0414
L	1.3930	0.4297	1477010443300000	1.2597	0.6017	2.1969	0.0159	0.0073	0.0483
R	1.2698	0.4556	1.5050	1477010443350000	1.3696	0.6027	2.1959	0.0212	0.0097	0.0552
L	1.4640	0.5677	1477010443400000	1.4793	0.6039	2.1947	0.0273	0.0124	0.0621
R	1.8888	0.3968	2.3946	1477010443450000	1.5891	0.6054	2.1935	0.0341	0.0155	0.0689
L	1.5692	0.6189	1477010443500000	1.6987	0.6073	2.1920	0.0416	0.0190	0.0758
R	2.0197	0.3184	2.4268	1477010443550000	1.8083	0.6096	2.1904	0.0499	0.0228	0.0826
L	1.7545	0.6172	1477010443600000	1.9179	0.6123	2.1886	0.0589	0.0269	0.0895
R	1.8960	0.2629	2.8174	1477010443650000	2.0273	0.6155	2.1867	0.0686	0.0314	0.0963
L	2.0443	0.7314	1477010443700000	2.1366	0.6192	2.1845	0.0791	0.0362	0.1031
R	2.4772	0.2655	2.0680	1477010443750000	2.2458	0.6234	2.1822	0.0903	0.0413	0.1098
L	2.5678	0.6720	1477010443800000	2.3549	0.6282	2.1796	0.1021	0.0468	0.1166
R	2.4709	0.2582	1.7871	1477010443850000	2.4639	0.6337	2.1769	0.1147	0.0527	0.1233
L	2.4005	0.6555	1477010443900000	2.5727	0.6397	2.1739	0.1280	0.0588	0.1301
R	2.1783	0.2234	1.6050	1477010443950000	2.6814	0.6465	2.1706	0.1420	0.0653	0.1368
L	2.9159	0.5208	1477010444000000	2.7899	0.6540	2.1671	0.1567	0.0722	0.1435
R	3.1947	0.2760	2.0891	1477010444050000	2.8982	0.6622	2.1634	0.1720	0.0793	0.1501
L	2.6856	0.5453	1477010444100000	3.0063	0.6712	2.1593	0.1880	0.0868	0.1568
R	2.5996	0.2094	1.7866	1477010444150000	3.1143	0.6810	2.1550	0.2047	0.0947	0.1634
L	3.6582	0.8155	1477010444200000	3.2220	0.6917	2.1504	0.2220	0.1029	0.1700
R	3.3196	0.2292	1.5331	1477010444250000	3.3295	0.7032	2.1454	0.2399	0.1114	0.1765
L	3.3836	0.5922	1477010444300000	3.4367	0.7157	2.1401	0.2584	0.1202	0.1831
R	3.9561	0.2134	2.0569	1477010444350000	3.5436	0.7291	2.1345	0.2776	0.1293	0.1896
L	3.6537	0.7042	1477010444400000	3.6503	0.7435	2.1285	0.2974	0.1388	0.1960
R	3.6724	0.1393	2.4323	1477010444450000	3.7566	0.7589	2.1221	0.3177	0.1486	0.2025
L	3.9407	0.7723	1477010444500000	3.8627	0.7753	2.1154	0.3386	0.1587	0.2089
R	4.4522	0.1904	1.9612	1477010444550000	3.9683	0.7928	2.1082	0.3601	0.1692	0.2153
L	4.0296	0.6842	1477010444600000	4.0736	0.8114	2.1006	0.3821	0.1799	0.2216
R	4.0008	0.1910	2.3687	1477010444650000	4.1786	0.8311	2.0925	0.4047	0.1910	0.2279
L	4.0833	0.5024	1477010444700000	4.2831	0.8519	2.0840	0.4277	0.2024	0.2342
R	4.5284	0.1823	2.3819	1477010444750000	4.3871	0.8739	2.0751	0.4512	0.2141	0.2404
L	4.2865	0.9653	1477010444800000	4.4908	0.8971	2.0656	0.4753	0.2261	0.2466
R	5.0636	0.2178	2.0934	1477010444850000	4.5939	0.9215	2.0556	0.4997	0.2385	0.2528
L	4.6672	0.9145	1477010444900000	4.6965	0.9471	2.0452	0.5246	0.2511	0.2589
R	5.0365	0.1940	2.2904	1477010444950000	4.7986	0.9740	2.0341	0.5500	0.2641	0.2650
L	4.9276	0.8477	1477010445000000	4.9001	1.0022	2.0225	0.5757	0.2773	0.2710
R	4.8239	0.1986	2.0467	1477010445050000	5.0011	1.0316	2.0104	0.6018	0.2909	0.2770
L	5.0216	1.3147	1477010445100000	5.1014	1.0624	1.9977	0.6283	0.3047	0.2829
R	5.2327	0.2533	2.0020	1477010445150000	5.2010	1.0945	1.9843	0.6551	0.3189	0.2888
L	5.1404	1.3685	1477010445200000	5.3000	1.1280	1.9704	0.6822	0.3333	0.2947
R	5.6049	0.2043	2.1944	1477010445250000	5.3983	1.1628	1.9558	0.7096	0.3480	0.3005
L	5.5546	1.0115	1477010445300000	5.4958	1.1991	1.9406	0.7372	0.3631	0.3063
R	4.8189	0.2039	2.4173	1477010445350000	5.5925	1.2367	1.9248	0.7652	0.3784	0.3120
L	5.5285	1.4157	1477010445400000	5.6885	1.2757	1.9082	0.7933	0.3940	0.3177
R	6.4126	0.2267	2.0386	1477010445450000	5.7836	1.3161	1.8910	0.8216	0.4099	0.3233
L	5.7677	1.3533	1477010445500000	5.8778	1.3579	1.8731	0.8501	0.4260	0.3288
R	5.4558	0.2974	2.1075	1477010445550000	5.9711	1.4012	1.8545	0.8787	0.4425	0.3344
L	6.2134	1.1963	1477010445600000	6.0634	1.4459	1.8352	0.9074	0.4592	0.3398
R	5.9692	0.2398	2.1804	1477010445650000	6.1548	1.4921	1.8152	0.9362	0.4762	0.3452
L	6.2942	1.7020	1477010445700000	6.2452	1.5396	1.7944	0.9651	0.4934	0.3506
R	6.8081	0.2457	1.9450	1477010445750000	6.3345	1.5887	1.7729	0.9939	0.5110	0.3559
L	6.5593	1.7284	1477010445800000	6.4227	1.6392	1.7507	1.0228	0.5288	0.3611
R	6.5303	0.2899	1.4530	1477010445850000	6.5097	1.6911	1.7277	1.0517	0.5468	0.3663
L	6.5919	1.4521	1477010445900000	6.5956	1.7445	1.7039	1.0805	0.5651	0.3714
R	7.0927	0.1973	1.2142	1477010445950000	6.6803	1.7993	1.6793	1.1092	0.5837	0.3765
L	6.7757	1.7133	1477010446000000	6.7637	1.8555	1.6540	1.1377	0.6025	0.3815
R	7.1384	0.2973	2.0426	1477010446050000	6.8459	1.9132	1.6279	1.1661	0.6216	0.3865
L	7.0614	1.9525	1477010446100000	6.9267	1.9723	1.6011	1.1944	0.6409	0.3913
R	7.1804	0.3018	2.0994	1477010446150000	7.0062	2.0328	1.5734	1.2224	0.6605	0.3962
L	6.9320	2.0240	1477010446200000	7.0843	2.0947	1.5450	1.2502	0.6803	0.4009
R	7.4259	0.2287	2.1636	1477010446250000	7.1609	2.1580	1.5158	1.2776	0.7003	0.4056
L	7.1416	2.0420	1477010446300000	7.2360	2.2226	1.4858	1.3048	0.7206	0.4103
R	8.0011	0.2285	1.9189	1477010446350000	7.3096	2.2886	1.4551	1.3317	0.7411	0.4148
L	7.1720	2.3177	1477010446400000	7.3817	2.3559	1.4235	1.3581	0.7619	0.4193
R	7.9349	0.3345	1.7768	1477010446450000	7.4521	2.4246	1.3912	1.3842	0.7828	0.4238
L	7.6531	2.5430	1477010446500000	7.5210	2.4945	1.3582	1.4098	0.8040	0.4282
R	8.1791	0.3295	1.4428	1477010446550000	7.5881	2.5657	1.3244	1.4349	0.8254	0.4325
L	7.5834	2.6195	1477010446600000	7.6536	2.6382	1.2898	1.4596	0.8471	0.4367
R	7.8628	0.3294	1.6495	1477010446650000	7.7172	2.7119	1.2545	1.4837	0.8689	0.4409
L	7.5587	2.8156	1477010446700000	7.7791	2.7867	1.2185	1.5073	0.8909	0.4450
R	8.4506	0.2951	1.9458	1477010446750000	7.8392	2.8628	1.1818	1.5302	0.9132	0.4490
L	8.2611	3.0838	1477010446800000	7.8975	2.9399	1.1443	1.5526	0.9356	0.4529
R	8.7434	0.3364	1.6887	1477010446850000	7.9538	3.0182	1.1062	1.5743	0.9583	0.4568
L	7.9244	3.0508	1477010446900000	8.0082	3.0975	1.0674	1.5953	0.9811	0.4606
R	8.8467	0.3720	1.7585	1477010446950000	8.0606	3.1779	1.0279	1.6156	1.0042	0.4644
L	8.1515	3.3334	1477010447000000	8.1111	3.2593	0.9878	1.6351	1.0274	0.4680
R	8.7303	0.4265	1.6458	1477010447050000	8.1595	3.3416	0.9470	1.6539	1.0508	0.4716
L	8.3820	3.4439	1477010447100000	8.2059	3.4249	0.9056	1.6719	1.0744	0.4752
R	8.8032	0.3929	1.1269	1477010447150000	8.2502	3.5090	0.8637	1.6891	1.0981	0.4786
L	8.2184	3.5668	1477010447200000	8.2923	3.5940	0.8212	1.7054	1.1221	0.4820
R	9.2023	0.4700	1.1900	1477010447250000	8.3324	3.6797	0.7781	1.7209	1.1462	0.4853
L	8.4492	3.7272	1477010447300000	8.3702	3.7662	0.7345	1.7354	1.1704	0.4885
R	9.3676	0.4739	1.2584	1477010447350000	8.4059	3.8534	0.6904	1.7491	1.1948	0.4916
L	8.5612	4.0231	1477010447400000	8.4393	3.9413	0.6458	1.7618	1.2194	0.4947
R	9.8710	0.4313	1.4813	1477010447450000	8.4705	4.0298	0.6008	1.7735	1.2442	0.4977
L	8.4900	3.8155	1477010447500000	8.4995	4.1188	0.5554	1.7842	1.2690	0.5006
R	9.5830	0.4287	1.5434	1477010447550000	8.5261	4.2084	0.5095	1.7940	1.2941	0.5034
L	8.4543	4.5697	1477010447600000	8.5505	4.2984	0.4633	1.8027	1.3192	0.5061
R	9.7510	0.5014	1.2861	1477010447650000	8.5725	4.3888	0.4167	1.8103	1.3445	0.5088
L	8.5362	4.6019	1477010447700000	8.5922	4.4796	0.3699	1.8169	1.3700	0.5114
R	9.9754	0.4683	0.9584	1477010447750000	8.6095	4.5706	0.3227	1.8225	1.3956	0.5139
L	8.6510	4.6158	1477010447800000	8.6244	4.6620	0.2753	1.8269	1.4212	0.5163
R	9.7872	0.5100	1.2139	1477010447850000	8.6370	4.7535	0.2276	1.8302	1.4471	0.5186
L	8.5547	4.8864	1477010447900000	8.6472	4.8451	0.1798	1.8324	1.4730	0.5209
R	9.4391	0.5457	1.2830	1477010447950000	8.6550	4.9369	0.1318	1.8335	1.4990	0.5231
L	8.6484	5.1634	1477010448000000	8.6604	5.0286	0.0837	1.8334	1.5252	0.5252
R	10.8996	0.4988	0.4064	1477010448050000	8.6634	5.1203	0.0355	1.8322	1.5514	0.5272
L	8.4929	5.0479	1477010448100000	8.6640	5.2119	-0.0128	1.8298	1.5778	0.5291
R	10.3820	0.6027	1.2683	1477010448150000	8.6621	5.3034	-0.0611	1.8262	1.6043	0.5310
L	8.4653	5.0453	1477010448200000	8.6578	5.3947	-0.1094	1.8215	1.6308	0.5327
R	10.2230	0.5499	0.9098	1477010448250000	8.6512	5.4857	-0.1577	1.8155	1.6574	0.5344
L	8.6789	5.5868	1477010448300000	8.6421	5.5763	-0.2059	1.8084	1.6842	0.5360
R	10.7239	0.5684	0.7336	1477010448350000	8.6305	5.6666	-0.2540	1.8001	1.7110	0.5375
L	8.7516	5.7114	1477010448400000	8.6166	5.7564	-0.3019	1.7907	1.7378	0.5389
R	10.1393	0.5657	0.6304	1477010448450000	8.6003	5.8457	-0.3497	1.7800	1.7648	0.5403
L	8.5159	5.8732	1477010448500000	8.5817	5.9345	-0.3973	1.7682	1.7918	0.5415
R	10.3102	0.6184	0.9375	1477010448550000	8.5606	6.0226	-0.4446	1.7552	1.8189	0.5427
L	8.4751	6.0443	1477010448600000	8.5372	6.1101	-0.4916	1.7409	1.8460	0.5438
R	10.7400	0.6718	0.0991	1477010448650000	8.5114	6.1968	-0.5383	1.7256	1.8732	0.5448
L	8.6377	6.5014	1477010448700000	8.4833	6.2827	-0.5847	1.7090	1.9004	0.5457
R	10.4830	0.6670	0.6091	1477010448750000	8.4529	6.3677	-0.6307	1.6913	1.9277	0.5465
L	8.4823	6.3653	1477010448800000	8.4202	6.4518	-0.6763	1.6725	1.9550	0.5472
R	10.6268	0.6273	0.4439	1477010448850000	8.3853	6.5350	-0.7214	1.6525	1.9824	0.5479
L	8.2446	6.5171	1477010448900000	8.3481	6.6171	-0.7660	1.6314	2.0098	0.5484
R	10.8376	0.6990	0.7304	1477010448950000	8.3087	6.6981	-0.8102	1.6091	2.0372	0.5489
L	8.3385	6.9899	1477010449000000	8.2671	6.7780	-0.8537	1.5858	2.0647	0.5493
R	10.9828	0.6995	0.7326	1477010449050000	8.2233	6.8567	-0.8968	1.5614	2.0921	0.5496
L	8.3325	6.9779	1477010449100000	8.1774	6.9342	-0.9392	1.5359	2.1196	0.5498
R	10.7985	0.7380	0.8545	1477010449150000	8.1294	7.0103	-0.9809	1.5093	2.1471	0.5500
L	8.2179	7.1251	1477010449200000	8.0793	7.0851	-1.0220	1.4817	2.1746	0.5500
R	10.7424	0.7457	-0.1277	1477010449250000	8.0272	7.1585	-1.0624	1.4531	2.2021	0.5500
L	7.9828	7.3204	1477010449300000	7.9731	7.2304	-1.1021	1.4235	2.2296	0.5498
R	10.2005	0.6811	-0.2476	1477010449350000	7.9170	7.3008	-1.1410	1.3929	2.2571	0.5496
L	7.7104	7.1937	1477010449400000	7.8590	7.3696	-1.1791	1.3614	2.2846	0.5493
R	10.7759	0.7644	-0.0767	1477010449450000	7.7991	7.4369	-1.2164	1.3289	2.3120	0.5489
L	7.5150	7.4959	1477010449500000	7.7374	7.5025	-1.2529	1.2955	2.3395	0.5484
R	10.8897	0.7715	-0.3767	1477010449550000	7.6739	7.5664	-1.2886	1.2612	2.3669	0.5479
L	7.9123	7.2746	1477010449600000	7.6086	7.6286	-1.3233	1.2261	2.3943	0.5472
R	10.5569	0.8184	0.0861	1477010449650000	7.5416	7.6890	-1.3572	1.1902	2.4217	0.5465
L	7.5701	7.6837	1477010449700000	7.4729	7.7475	-1.3901	1.1534	2.4490	0.5457
R	10.7726	0.7731	-0.2804	1477010449750000	7.4027	7.8042	-1.4221	1.1159	2.4763	0.5448
L	7.2171	7.7745	1477010449800000	7.3308	7.8591	-1.4531	1.0776	2.5035	0.5438
R	10.8592	0.7999	-0.1420	1477010449850000	7.2574	7.9120	-1.4831	1.0386	2.5307	0.5427
L	7.1943	8.1615	1477010449900000	7.1826	7.9629	-1.5121	0.9989	2.5578	0.5415
R	10.6344	0.8603	-0.5727	1477010449950000	7.1063	8.0118	-1.5401	0.9585	2.5849	0.5403
L	7.3149	8.0770	1477010450000000	7.0287	8.0587	-1.5671	0.9175	2.6119	0.5389
R	10.3393	0.8159	-0.7015	1477010450050000	6.9497	8.1035	-1.5930	0.8759	2.6389	0.5375
L	6.6571	8.1551	1477010450100000	6.8695	8.1462	-1.6179	0.8338	2.6657	0.5360
R	10.6080	0.9092	-0.7010	1477010450150000	6.7880	8.1868	-1.6417	0.7911	2.6925	0.5344
L	6.7676	8.2775	1477010450200000	6.7054	8.2253	-1.6644	0.7479	2.7193	0.5327
R	10.2267	0.9263	-0.7587	1477010450250000	6.6217	8.2615	-1.6860	0.7043	2.7459	0.5310
L	6.5110	8.1143	1477010450300000	6.5370	8.2956	-1.7065	0.6602	2.7724	0.5291
R	10.4700	0.9019	0.0131	1477010450350000	6.4512	8.3275	-1.7259	0.6158	2.7989	0.5272
L	6.2787	8.3197	1477010450400000	6.3645	8.3572	-1.7442	0.5709	2.8253	0.5252
R	10.5951	0.9072	-1.1239	1477010450450000	6.2769	8.3846	-1.7614	0.5258	2.8515	0.5231
L	6.4075	8.7172	1477010450500000	6.1885	8.4097	-1.7774	0.4803	2.8777	0.5209
R	10.6731	0.9030	-1.2853	1477010450550000	6.0994	8.4325	-1.7924	0.4346	2.9037	0.5186
L	6.0726	8.5132	1477010450600000	6.0095	8.4531	-1.8062	0.3887	2.9296	0.5163
R	10.5773	0.9661	-0.9126	1477010450650000	5.9189	8.4714	-1.8188	0.3425	2.9555	0.5139
L	5.6488	8.5844	1477010450700000	5.8278	8.4873	-1.8304	0.2962	2.9812	0.5114
R	10.2365	1.0132	-0.5821	1477010450750000	5.7361	8.5010	-1.8408	0.2498	3.0067	0.5088
L	5.8019	8.4000	1477010450800000	5.6439	8.5123	-1.8501	0.2033	3.0322	0.5061
R	9.9381	1.0185	-1.2216	1477010450850000	5.5512	8.5213	-1.8583	0.1567	3.0575	0.5034
L	5.2446	8.6356	1477010450900000	5.4582	8.5279	-1.8654	0.1101	3.0826	0.5006
R	9.5971	1.0293	-0.3008	1477010450950000	5.3649	8.5323	-1.8714	0.0635	3.1077	0.4977
L	5.3525	8.3032	1477010451000000	5.2713	8.5343	-1.8764	0.0170	3.1325	0.4947
R	9.8726	1.0075	-1.1773	1477010451050000	5.1775	8.5340	-1.8802	-0.0295	3.1573	0.4916
L	5.2115	8.2534	1477010451100000	5.0835	8.5314	-1.8830	-0.0759	3.1819	0.4885
R	9.5975	1.0462	-1.1377	1477010451150000	4.9894	8.5264	-1.8847	-0.1221	3.2063	0.4853
L	4.8338	8.4125	1477010451200000	4.8953	8.5192	-1.8854	-0.1682	3.2305	0.4820
R	9.9664	1.0351	-0.9505	1477010451250000	4.8011	8.5096	-1.8850	-0.2140	3.2546	0.4786
L	4.8534	8.4743	1477010451300000	4.7070	8.4978	-1.8836	-0.2597	3.2786	0.4752
R	9.9899	1.0431	-1.7153	1477010451350000	4.6130	8.4837	-1.8813	-0.3050	3.3023	0.4716
L	4.7268	8.4579	1477010451400000	4.5191	8.4673	-1.8780	-0.3501	3.3259	0.4680
R	9.4516	1.0824	-1.0975	1477010451450000	4.4254	8.4487	-1.8737	-0.3949	3.3493	0.4644
L	4.1191	8.3185	1477010451500000	4.3320	8.4279	-1.8685	-0.4394	3.3725	0.4606
R	9.4774	1.1320	-1.2421	1477010451550000	4.2388	8.4049	-1.8623	-0.4834	3.3956	0.4568
L	3.9776	8.4255	1477010451600000	4.1460	8.3796	-1.8553	-0.5271	3.4184	0.4529
R	9.0139	1.1104	-1.4585	1477010451650000	4.0535	8.3522	-1.8474	-0.5704	3.4411	0.4490
L	3.9000	8.2471	1477010451700000	3.9615	8.3227	-1.8386	-0.6132	3.4635	0.4450
R	8.5602	1.2122	-1.0760	1477010451750000	3.8699	8.2910	-1.8291	-0.6556	3.4858	0.4409
L	3.8174	8.1111	1477010451800000	3.7788	8.2572	-1.8187	-0.6975	3.5078	0.4367
R	8.9855	1.0893	-1.1616	1477010451850000	3.6883	8.2213	-1.8075	-0.7389	3.5296	0.4325
L	3.5361	8.4702	1477010451900000	3.5983	8.1834	-1.7956	-0.7797	3.5513	0.4282
R	8.9851	1.2030	-1.6367	1477010451950000	3.5089	8.1435	-1.7830	-0.8200	3.5727	0.4238
L	3.4857	8.0259	1477010452000000	3.4202	8.1015	-1.7697	-0.8598	3.5939	0.4193
R	8.6685	1.1729	-1.7614	1477010452050000	3.3322	8.0576	-1.7557	-0.8990	3.6148	0.4148
L	3.2720	8.2017	1477010452100000	3.2449	8.0118	-1.7410	-0.9375	3.6356	0.4103
R	8.4515	1.2090	-1.0860	1477010452150000	3.1583	7.9640	-1.7258	-0.9755	3.6561	0.4056
L	3.3423	7.8968	1477010452200000	3.0725	7.9143	-1.7100	-1.0129	3.6764	0.4009
R	7.9672	1.2239	-1.6102	1477010452250000	2.9875	7.8629	-1.6936	-1.0496	3.6964	0.3962
L	2.7894	7.7055	1477010452300000	2.9034	7.8095	-1.6767	-1.0857	3.7162	0.3913
R	8.2590	1.2312	-1.9021	1477010452350000	2.8201	7.7544	-1.6593	-1.1211	3.7358	0.3865
L	2.9888	7.7163	1477010452400000	2.7377	7.6976	-1.6414	-1.1558	3.7551	0.3815
R	8.0996	1.2226	-1.6242	1477010452450000	2.6562	7.6390	-1.6231	-1.1899	3.7742	0.3765
L	2.5380	7.5503	1477010452500000	2.5756	7.5788	-1.6044	-1.2233	3.7930	0.3714
R	8.6336	1.2960	-1.6410	1477010452550000	2.4959	7.5169	-1.5854	-1.2560	3.8116	0.3663
L	2.3721	7.3485	1477010452600000	2.4172	7.4533	-1.5659	-1.2880	3.8299	0.3611
R	8.0188	1.2793	-1.8447	1477010452650000	2.3395	7.3882	-1.5462	-1.3192	3.8479	0.3559
L	2.1857	7.4410	1477010452700000	2.2628	7.3216	-1.5262	-1.3498	3.8657	0.3506
R	7.6857	1.3837	-1.7894	1477010452750000	2.1871	7.2534	-1.5059	-1.3797	3.8833	0.3452
L	1.8789	7.4711	1477010452800000	2.1124	7.1838	-1.4855	-1.4089	3.9005	0.3398
R	7.1658	1.2597	-2.3158	1477010452850000	2.0387	7.1127	-1.4648	-1.4373	3.9175	0.3344
L	1.9026	6.8823	1477010452900000	1.9661	7.0403	-1.4439	-1.4650	3.9342	0.3288
R	7.1346	1.3398	-2.1571	1477010452950000	1.8945	6.9664	-1.4230	-1.4920	3.9507	0.3233
L	1.9250	6.7909	1477010453000000	1.8240	6.8912	-1.4019	-1.5183	3.9668	0.3177
R	7.2029	1.3061	-1.7310	1477010453050000	1.7545	6.8148	-1.3807	-1.5439	3.9827	0.3120
L	1.6332	6.7775	1477010453100000	1.6860	6.7370	-1.3596	-1.5688	3.9983	0.3063
R	6.7801	1.3377	-1.7908	1477010453150000	1.6187	6.6581	-1.3383	-1.5930	4.0136	0.3005
L	1.5668	6.4534	1477010453200000	1.5523	6.5779	-1.3172	-1.6165	4.0287	0.2947
R	6.2676	1.3496	-2.3198	1477010453250000	1.4871	6.4966	-1.2960	-1.6393	4.0434	0.2888
L	1.6183	6.6257	1477010453300000	1.4229	6.4142	-1.2749	-1.6613	4.0578	0.2829
R	6.5192	1.4281	-1.0828	1477010453350000	1.3597	6.3307	-1.2539	-1.6827	4.0720	0.2770
L	1.3184	5.9601	1477010453400000	1.2976	6.2461	-1.2330	-1.7035	4.0858	0.2710
R	6.9154	1.3512	-2.0125	1477010453450000	1.2365	6.1605	-1.2123	-1.7235	4.0994	0.2650
L	1.3515	6.2559	1477010453500000	1.1765	6.0739	-1.1917	-1.7429	4.1126	0.2589
R	6.0001	1.3593	-1.7562	1477010453550000	1.1175	5.9864	-1.1714	-1.7616	4.1256	0.2528
L	1.0696	5.8699	1477010453600000	1.0595	5.8980	-1.1512	-1.7797	4.1382	0.2466
R	5.9099	1.3767	-1.7273	1477010453650000	1.0025	5.8086	-1.1313	-1.7971	4.1506	0.2404
L	1.1578	5.6383	1477010453700000	0.9464	5.7184	-1.1117	-1.8139	4.1626	0.2342
R	5.4117	1.4243	-1.4994	1477010453750000	0.8914	5.6274	-1.0923	-1.8301	4.1743	0.2279
L	0.9164	5.6637	1477010453800000	0.8373	5.5356	-1.0733	-1.8457	4.1857	0.2216
R	5.1078	1.3975	-1.7548	1477010453850000	0.7841	5.4430	-1.0546	-1.8607	4.1968	0.2153
L	0.7144	5.4327	1477010453900000	0.7319	5.3497	-1.0362	-1.8750	4.2075	0.2089
R	4.8399	1.4019	-2.4461	1477010453950000	0.6806	5.2557	-1.0182	-1.8888	4.2180	0.2025
L	0.6239	5.0687	1477010454000000	0.6302	5.1610	-1.0006	-1.9020	4.2281	0.1960
R	4.8580	1.4187	-2.0590	1477010454050000	0.5806	5.0656	-0.9835	-1.9147	4.2379	0.1896
L	0.2864	4.9723	1477010454100000	0.5319	4.9697	-0.9667	-1.9268	4.2474	0.1831
R	5.4412	1.4993	-2.0399	1477010454150000	0.4840	4.8731	-0.9504	-1.9383	4.2565	0.1765
L	0.6333	4.6193	1477010454200000	0.4369	4.7760	-0.9345	-1.9494	4.2653	0.1700
R	4.5188	1.5099	-2.2780	1477010454250000	0.3906	4.6783	-0.9192	-1.9599	4.2738	0.1634
L	0.4312	4.6224	1477010454300000	0.3450	4.5801	-0.9043	-1.9699	4.2820	0.1568
R	4.5384	1.5518	-2.0007	1477010454350000	0.3002	4.4815	-0.8899	-1.9793	4.2899	0.1501
L	0.2098	4.4508	1477010454400000	0.2561	4.3823	-0.8761	-1.9883	4.2974	0.1435
R	4.6967	1.5347	-1.5426	1477010454450000	0.2126	4.2828	-0.8628	-1.9968	4.3045	0.1368
L	-0.1344	4.1154	1477010454500000	0.1698	4.1828	-0.8500	-2.0049	4.3114	0.1301
R	4.1712	1.5514	-2.2988	1477010454550000	0.1276	4.0824	-0.8379	-2.0124	4.3179	0.1233
L	0.0114	3.9657	1477010454600000	0.0861	3.9817	-0.8262	-2.0195	4.3240	0.1166
R	3.5705	1.5994	-2.3263	1477010454650000	0.0450	3.8806	-0.8152	-2.0262	4.3299	0.1098
L	0.0359	3.6863	1477010454700000	0.0046	3.7791	-0.8048	-2.0324	4.3354	0.1031
R	3.6635	1.6609	-2.3745	1477010454750000	-0.0354	3.6774	-0.7949	-2.0382	4.3405	0.0963
L	0.0080	3.4139	1477010454800000	-0.0749	3.5754	-0.7857	-2.0436	4.3453	0.0895
R	3.9168	1.5353	-2.5119	1477010454850000	-0.1140	3.4731	-0.7771	-2.0485	4.3498	0.0826
L	-0.0903	3.2724	1477010454900000	-0.1526	3.3706	-0.7692	-2.0531	4.3539	0.0758
R	3.0135	1.6165	-2.2921	1477010454950000	-0.1909	3.2679	-0.7618	-2.0572	4.3577	0.0689
L	-0.0275	3.0167	1477010455000000	-0.2288	3.1650	-0.7551	-2.0609	4.3612	0.0621
R	3.3902	1.6624	-1.9053	1477010455050000	-0.2664	3.0619	-0.7491	-2.0643	4.3643	0.0552
L	-0.2088	2.7398	1477010455100000	-0.3037	2.9586	-0.7437	-2.0672	4.3670	0.0483
R	3.5618	1.6946	-2.6145	1477010455150000	-0.3408	2.8552	-0.7390	-2.0698	4.3695	0.0414
L	-0.1242	2.9440	1477010455200000	-0.3776	2.7517	-0.7349	-2.0719	4.3715	0.0345
R	2.6465	1.7248	-1.9093	1477010455250000	-0.4143	2.6481	-0.7316	-2.0737	4.3732	0.0276
L	-0.5692	2.7578	1477010455300000	-0.4508	2.5443	-0.7288	-2.0752	4.3746	0.0207
R	2.4129	1.8037	-1.7120	1477010455350000	-0.4872	2.4406	-0.7268	-2.0762	4.3757	0.0138
L	-0.4424	2.1200	1477010455400000	-0.5235	2.3367	-0.7254	-2.0769	4.3764	0.0069
R	2.1277	1.8427	-1.4200	1477010455450000	-0.5597	2.2329	-0.7247	-2.0772	4.3767	-0.0000
L	-0.5478	2.3725	1477010455500000	-0.5960	2.1290	-0.7247	-2.0771	4.3767	-0.0069
R	2.2291	1.8745	-1.8756	1477010455550000	-0.6322	2.0252	-0.7254	-2.0767	4.3764	-0.0138
L	-0.4029	1.9545	1477010455600000	-0.6685	1.9214	-0.7267	-2.0759	4.3757	-0.0207
R	2.0406	1.9171	-1.4299	1477010455650000	-0.7049	1.8176	-0.7287	-2.0747	4.3746	-0.0276
L	-0.9394	1.6728	1477010455700000	-0.7414	1.7139	-0.7314	-2.0732	4.3732	-0.0345
R	1.6920	2.0407	-0.9707	1477010455750000	-0.7781	1.6102	-0.7347	-2.0713	4.3715	-0.0414
L	-0.7914	1.4616	1477010455800000	-0.8149	1.5067	-0.7387	-2.0690	4.3695	-0.0483
R	1.6906	2.0974	-0.8969	1477010455850000	-0.8520	1.4033	-0.7434	-2.0663	4.3670	-0.0552
L	-0.9006	1.2291	1477010455900000	-0.8893	1.3000	-0.7487	-2.0632	4.3643	-0.0621
R	1.6699	2.1969	-1.2342	1477010455950000	-0.9269	1.1969	-0.7547	-2.0598	4.3612	-0.0689
L	-1.0255	1.1732	1477010456000000	-0.9648	1.0940	-0.7614	-2.0560	4.3577	-0.0758
R	1.5622	2.3982	-0.7389	1477010456050000	-1.0031	0.9913	-0.7687	-2.0517	4.3539	-0.0826
L	-0.9821	0.8164	1477010456100000	-1.0417	0.8888	-0.7766	-2.0471	4.3498	-0.0895
R	1.4666	2.5097	-0.6400	1477010456150000	-1.0808	0.7865	-0.7851	-2.0420	4.3453	-0.0963
L	-1.1531	0.5525	1477010456200000	-1.1203	0.6845	-0.7943	-2.0365	4.3405	-0.1031
R	1.2337	2.6715	-0.1829	1477010456250000	-1.1602	0.5828	-0.8041	-2.0306	4.3354	-0.1098
L	-1.1320	0.6736	1477010456300000	-1.2007	0.4814	-0.8145	-2.0243	4.3299	-0.1166
R	0.5945	2.7930	0.1273	1477010456350000	-1.2417	0.3803	-0.8254	-2.0176	4.3240	-0.1233
L	-1.3763	0.1715	1477010456400000	-1.2833	0.2795	-0.8370	-2.0103	4.3179	-0.1301
R	2.0685	3.0163	0.5907	1477010456450000	-1.3255	0.1791	-0.8491	-2.0027	4.3114	-0.1368
L	-1.4544	0.0499	1477010456500000	-1.3683	0.0792	-0.8618	-1.9946	4.3045	-0.1435
R	1.5602	-3.0974	1.2268	1477010456550000	-1.4117	-0.0204	-0.8751	-1.9860	4.2974	-0.1501
L	-1.3393	-0.4585	1477010456600000	-1.4559	-0.1196	-0.8888	-1.9769	4.2899	-0.1568
R	1.8555	-2.9926	0.9492	1477010456650000	-1.5007	-0.2182	-0.9031	-1.9673	4.2820	-0.1634
L	-1.5733	-0.3476	1477010456700000	-1.5463	-0.3164	-0.9179	-1.9572	4.2738	-0.1700
R	1.6639	-2.8807	0.9736	1477010456750000	-1.5926	-0.4141	-0.9332	-1.9467	4.2653	-0.1765
L	-1.6128	-0.3721	1477010456800000	-1.6397	-0.5112	-0.9490	-1.9356	4.2565	-0.1831
R	1.7111	-2.7887	1.7865	1477010456850000	-1.6875	-0.6078	-0.9653	-1.9239	4.2474	-0.1896
L	-1.7801	-0.6350	1477010456900000	-1.7363	-0.7037	-0.9819	-1.9118	4.2379	-0.1960
R	2.0292	-2.7239	1.2000	1477010456950000	-1.7858	-0.7991	-0.9991	-1.8990	4.2281	-0.2025
L	-2.0634	-0.7398	1477010457000000	-1.8363	-0.8938	-1.0166	-1.8858	4.2180	-0.2089
R	1.9035	-2.6473	1.5463	1477010457050000	-1.8876	-0.9878	-1.0345	-1.8719	4.2075	-0.2153
L	-1.8108	-1.0711	1477010457100000	-1.9398	-1.0811	-1.0528	-1.8575	4.1968	-0.2216
R	2.3292	-2.5887	1.4401	1477010457150000	-1.9930	-1.1737	-1.0714	-1.8425	4.1857	-0.2279
L	-1.8333	-1.3996	1477010457200000	-2.0471	-1.2655	-1.0904	-1.8268	4.1743	-0.2342
R	2.6655	-2.5082	2.3391	1477010457250000	-2.1021	-1.3565	-1.1096	-1.8106	4.1626	-0.2404
L	-2.1564	-1.5876	1477010457300000	-2.1581	-1.4467	-1.1292	-1.7938	4.1506	-0.2466
R	2.9340	-2.5331	1.7243	1477010457350000	-2.2151	-1.5360	-1.1490	-1.7763	4.1382	-0.2528
L	-2.1570	-1.5846	1477010457400000	-2.2732	-1.6245	-1.1691	-1.7582	4.1256	-0.2589
R	2.9192	-2.5031	2.1242	1477010457450000	-2.3322	-1.7120	-1.1894	-1.7394	4.1126	-0.2650
L	-2.4827	-1.9182	1477010457500000	-2.3922	-1.7986	-1.2098	-1.7200	4.0994	-0.2710
R	2.9481	-2.4965	2.1540	1477010457550000	-2.4533	-1.8842	-1.2305	-1.6999	4.0858	-0.2770
L	-2.5349	-2.0579	1477010457600000	-2.5154	-1.9688	-1.2513	-1.6792	4.0720	-0.2829
R	2.9700	-2.4906	1.9373	1477010457650000	-2.5786	-2.0523	-1.2722	-1.6578	4.0578	-0.2888
L	-2.8228	-2.1376	1477010457700000	-2.6428	-2.1347	-1.2932	-1.6357	4.0434	-0.2947
R	3.0537	-2.4661	1.6414	1477010457750000	-2.7080	-2.2160	-1.3143	-1.6129	4.0287	-0.3005
L	-2.8606	-2.4073	1477010457800000	-2.7743	-2.2962	-1.3354	-1.5895	4.0136	-0.3063
R	3.5559	-2.4468	1.9049	1477010457850000	-2.8417	-2.3751	-1.3565	-1.5653	3.9983	-0.3120
L	-2.8987	-2.5907	1477010457900000	-2.9101	-2.4528	-1.3776	-1.5404	3.9827	-0.3177
R	3.8384	-2.4256	2.4044	1477010457950000	-2.9796	-2.5293	-1.3987	-1.5148	3.9668	-0.3233
L	-3.3029	-2.5425	1477010458000000	-3.0502	-2.6045	-1.4197	-1.4886	3.9507	-0.3288
R	3.8583	-2.4564	2.2626	1477010458050000	-3.1218	-2.6783	-1.4405	-1.4616	3.9342	-0.3344
L	-2.9414	-2.8088	1477010458100000	-3.1944	-2.7508	-1.4613	-1.4339	3.9175	-0.3398
R	4.1275	-2.4104	2.0164	1477010458150000	-3.2681	-2.8219	-1.4819	-1.4055	3.9005	-0.3452
L	-3.1362	-3.1027	1477010458200000	-3.3428	-2.8915	-1.5023	-1.3764	3.8833	-0.3506
R	4.4381	-2.4340	2.0734	1477010458250000	-3.4185	-2.9597	-1.5225	-1.3465	3.8657	-0.3559
L	-3.6277	-3.0139	1477010458300000	-3.4952	-3.0263	-1.5424	-1.3160	3.8479	-0.3611
R	5.7469	-2.3939	2.2581	1477010458350000	-3.5729	-3.0914	-1.5621	-1.2848	3.8299	-0.3663
L	-3.8433	-3.2426	1477010458400000	-3.6516	-3.1549	-1.5814	-1.2529	3.8116	-0.3714
R	4.6487	-2.4299	2.3507	1477010458450000	-3.7312	-3.2168	-1.6004	-1.2202	3.7930	-0.3765
L	-3.7477	-3.2499	1477010458500000	-3.8118	-3.2771	-1.6191	-1.1869	3.7742	-0.3815
R	4.5167	-2.4730	1.8975	1477010458550000	-3.8934	-3.3357	-1.6373	-1.1529	3.7551	-0.3865
L	-3.8520	-3.4269	1477010458600000	-3.9758	-3.3925	-1.6551	-1.1183	3.7358	-0.3913
R	5.6774	-2.3854	1.8643	1477010458650000	-4.0591	-3.4476	-1.6725	-1.0829	3.7162	-0.3962
L	-3.9643	-3.3579	1477010458700000	-4.1432	-3.5009	-1.6893	-1.0470	3.6964	-0.4009
R	5.7248	-2.4225	1.8621	1477010458750000	-4.2282	-3.5524	-1.7057	-1.0103	3.6764	-0.4056
L	-4.2571	-3.9400	1477010458800000	-4.3140	-3.6021	-1.7214	-0.9731	3.6561	-0.4103
R	5.4505	-2.4780	1.7859	1477010458850000	-4.4006	-3.6498	-1.7367	-0.9352	3.6356	-0.4148
L	-4.4217	-3.7264	1477010458900000	-4.4879	-3.6957	-1.7513	-0.8967	3.6148	-0.4193
R	5.8310	-2.4893	2.0743	1477010458950000	-4.5759	-3.7396	-1.7652	-0.8576	3.5939	-0.4238
L	-4.9908	-3.7599	1477010459000000	-4.6646	-3.7816	-1.7785	-0.8180	3.5727	-0.4282
R	6.0954	-2.4521	1.6021	1477010459050000	-4.7540	-3.8215	-1.7911	-0.7778	3.5513	-0.4325
L	-4.7187	-3.6952	1477010459100000	-4.8439	-3.8594	-1.8030	-0.7370	3.5296	-0.4367
R	6.7639	-2.4576	1.9345	1477010459150000	-4.9345	-3.8953	-1.8142	-0.6957	3.5078	-0.4409
L	-5.0846	-4.2555	1477010459200000	-5.0256	-3.9291	-1.8245	-0.6540	3.4858	-0.4450
R	6.3083	-2.4792	2.1135	1477010459250000	-5.1172	-3.9607	-1.8341	-0.6117	3.4635	-0.4490
L	-5.2473	-3.7065	1477010459300000	-5.2092	-3.9903	-1.8429	-0.5690	3.4411	-0.4529
R	6.6754	-2.4907	2.0311	1477010459350000	-5.3017	-4.0177	-1.8508	-0.5258	3.4184	-0.4568
L	-5.2379	-3.9226	1477010459400000	-5.3945	-4.0429	-1.8578	-0.4823	3.3956	-0.4606
R	6.7017	-2.5016	2.2959	1477010459450000	-5.4876	-4.0660	-1.8640	-0.4383	3.3725	-0.4644
L	-5.4615	-4.1532	1477010459500000	-5.5811	-4.0868	-1.8693	-0.3940	3.3493	-0.4680
R	6.5803	-2.4861	1.8096	1477010459550000	-5.6748	-4.1054	-1.8736	-0.3493	3.3259	-0.4716
L	-5.5938	-4.2581	1477010459600000	-5.7687	-4.1218	-1.8769	-0.3043	3.3023	-0.4752
R	7.0704	-2.4974	1.8135	1477010459650000	-5.8627	-4.1359	-1.8793	-0.2591	3.2786	-0.4786
L	-6.1074	-4.2426	1477010459700000	-5.9568	-4.1477	-1.8808	-0.2135	3.2546	-0.4820
R	7.3293	-2.5187	1.6961	1477010459750000	-6.0509	-4.1572	-1.8812	-0.1678	3.2305	-0.4853
L	-6.3767	-4.3973	1477010459800000	-6.1451	-4.1645	-1.8805	-0.1218	3.2063	-0.4885
R	7.5447	-2.5400	1.8502	1477010459850000	-6.2392	-4.1694	-1.8789	-0.0757	3.1819	-0.4916
L	-6.4613	-4.1185	1477010459900000	-6.3332	-4.1721	-1.8762	-0.0294	3.1573	-0.4947
R	7.4130	-2.5508	2.2560	1477010459950000	-6.4270	-4.1724	-1.8724	0.0169	3.1325	-0.4977
L	-6.6397	-4.0892	1477010460000000	-6.5206	-4.1704	-1.8676	0.0634	3.1077	-0.5006
R	7.8149	-2.5463	1.4610	1477010460050000	-6.6139	-4.1660	-1.8617	0.1099	3.0826	-0.5034
L	-6.8751	-4.1224	1477010460100000	-6.7069	-4.1594	-1.8547	0.1564	3.0575	-0.5061
R	8.1538	-2.5710	1.5345	1477010460150000	-6.7995	-4.1504	-1.8466	0.2029	3.0322	-0.5088
L	-7.0073	-4.1401	1477010460200000	-6.8917	-4.1390	-1.8374	0.2493	3.0067	-0.5114
R	8.0957	-2.6324	1.2912	1477010460250000	-6.9834	-4.1254	-1.8270	0.2957	2.9812	-0.5139
L	-6.9458	-4.0802	1477010460300000	-7.0746	-4.1095	-1.8156	0.3419	2.9555	-0.5163
R	8.2256	-2.6201	1.8102	1477010460350000	-7.1651	-4.0912	-1.8030	0.3880	2.9296	-0.5186
L	-7.2221	-4.0879	1477010460400000	-7.2550	-4.0706	-1.7894	0.4339	2.9037	-0.5209
R	8.3622	-2.6661	1.1268	1477010460450000	-7.3442	-4.0478	-1.7745	0.4795	2.8777	-0.5231
L	-7.3902	-4.1914	1477010460500000	-7.4326	-4.0226	-1.7586	0.5249	2.8515	-0.5252
R	8.4610	-2.6603	0.9565	1477010460550000	-7.5202	-3.9952	-1.7416	0.5701	2.8253	-0.5272
L	-7.3694	-4.0030	1477010460600000	-7.6069	-3.9656	-1.7234	0.6149	2.7989	-0.5291
R	8.6066	-2.6300	1.7515	1477010460650000	-7.6926	-3.9337	-1.7041	0.6593	2.7724	-0.5310
L	-7.7872	-3.9380	1477010460700000	-7.7774	-3.8996	-1.6837	0.7034	2.7459	-0.5327
R	9.0737	-2.6795	1.2083	1477010460750000	-7.8611	-3.8633	-1.6622	0.7470	2.7193	-0.5344
L	-8.1318	-4.0008	1477010460800000	-7.9437	-3.8249	-1.6397	0.7901	2.6925	-0.5360
R	9.0944	-2.7630	0.7601	1477010460850000	-8.0251	-3.7843	-1.6160	0.8328	2.6657	-0.5375
L	-8.1215	-3.9985	1477010460900000	-8.1054	-3.7415	-1.5913	0.8750	2.6389	-0.5389
R	8.8138	-2.7579	1.1587	1477010460950000	-8.1843	-3.6967	-1.5655	0.9166	2.6119	-0.5403
L	-8.3298	-3.5324	1477010461000000	-8.2620	-3.6499	-1.5386	0.9576	2.5849	-0.5415
R	9.1181	-2.7051	0.8890	1477010461050000	-8.3383	-3.6009	-1.5107	0.9979	2.5578	-0.5427
L	-8.4391	-3.4576	1477010461100000	-8.4131	-3.5500	-1.4818	1.0377	2.5307	-0.5438
R	9.4466	-2.7616	0.6843	1477010461150000	-8.4865	-3.4971	-1.4519	1.0767	2.5035	-0.5448
L	-8.5169	-3.3734	1477010461200000	-8.5583	-3.4423	-1.4210	1.1150	2.4763	-0.5457
R	9.4255	-2.7974	0.7962	1477010461250000	-8.6286	-3.3856	-1.3892	1.1526	2.4490	-0.5465
L	-8.5459	-3.3194	1477010461300000	-8.6973	-3.3270	-1.3564	1.1895	2.4217	-0.5472
R	9.3328	-2.7613	0.3851	1477010461350000	-8.7643	-3.2666	-1.3226	1.2255	2.3943	-0.5479
L	-8.7292	-3.1020	1477010461400000	-8.8296	-3.2045	-1.2880	1.2607	2.3669	-0.5484
R	9.6602	-2.8376	0.9249	1477010461450000	-8.8931	-3.1406	-1.2524	1.2950	2.3395	-0.5489
L	-9.0418	-3.1592	1477010461500000	-8.9548	-3.0750	-1.2160	1.3285	2.3120	-0.5493
R	9.1620	-2.8003	0.6836	1477010461550000	-9.0147	-3.0077	-1.1788	1.3610	2.2846	-0.5496
L	-8.9356	-2.7727	1477010461600000	-9.0727	-2.9389	-1.1408	1.3927	2.2571	-0.5498
R	9.9368	-2.7675	0.7489	1477010461650000	-9.1288	-2.8684	-1.1019	1.4234	2.2296	-0.5500
L	-9.1511	-2.7046	1477010461700000	-9.1829	-2.7965	-1.0624	1.4531	2.2021	-0.5500
R	9.1576	-2.9102	0.6477	1477010461750000	-9.2350	-2.7232	-1.0220	1.4818	2.1746	-0.5500
L	-9.4277	-2.7850	1477010461800000	-9.2851	-2.6484	-0.9810	1.5095	2.1471	-0.5498
R	9.3138	-2.9356	0.3803	1477010461850000	-9.3331	-2.5722	-0.9393	1.5361	2.1196	-0.5496
L	-9.2793	-2.6001	1477010461900000	-9.3790	-2.4948	-0.8970	1.5618	2.0921	-0.5493
R	9.4705	-2.8891	0.2338	1477010461950000	-9.4228	-2.4161	-0.8540	1.5863	2.0647	-0.5489
L	-9.2464	-2.1292	1477010462000000	-9.4644	-2.3362	-0.8105	1.6098	2.0372	-0.5484
R	9.6085	-2.9054	0.7074	1477010462050000	-9.5038	-2.2552	-0.7664	1.6321	2.0098	-0.5479
L	-9.4296	-2.0015	1477010462100000	-9.5410	-2.1731	-0.7218	1.6534	1.9824	-0.5472
R	10.1902	-2.8937	0.5002	1477010462150000	-9.5759	-2.0899	-0.6767	1.6735	1.9550	-0.5465
L	-9.6844	-2.0772	1477010462200000	-9.6086	-2.0058	-0.6311	1.6924	1.9277	-0.5457
R	9.8700	-2.9563	0.2825	1477010462250000	-9.6390	-1.9207	-0.5851	1.7103	1.9004	-0.5448
L	-9.4263	-1.6325	1477010462300000	-9.6671	-1.8348	-0.5388	1.7269	1.8732	-0.5438
R	10.1192	-3.0091	0.3263	1477010462350000	-9.6929	-1.7481	-0.4920	1.7424	1.8460	-0.5427
L	-9.8459	-1.7172	1477010462400000	-9.7163	-1.6607	-0.4450	1.7568	1.8189	-0.5415
R	9.6764	-3.0220	-0.2383	1477010462450000	-9.7373	-1.5726	-0.3977	1.7699	1.7918	-0.5403
L	-9.8977	-1.5845	1477010462500000	-9.7560	-1.4838	-0.3501	1.7819	1.7648	-0.5389
R	9.6146	-2.9996	-0.2353	1477010462550000	-9.7723	-1.3945	-0.3023	1.7927	1.7378	-0.5375
L	-9.8885	-1.3437	1477010462600000	-9.7862	-1.3047	-0.2543	1.8023	1.7110	-0.5360
R	9.7895	-2.9863	-0.6479	1477010462650000	-9.7977	-1.2144	-0.2062	1.8107	1.6842	-0.5344
L	-9.7111	-1.0680	1477010462700000	-9.8068	-1.1237	-0.1579	1.8179	1.6574	-0.5327
R	10.0480	-3.0570	-0.4104	1477010462750000	-9.8135	-1.0327	-0.1096	1.8239	1.6308	-0.5310
L	-9.8579	-0.9135	1477010462800000	-9.8178	-0.9415	-0.0612	1.8288	1.6043	-0.5291
R	10.4324	-3.0264	-0.3126	1477010462850000	-9.8196	-0.8500	-0.0129	1.8324	1.5778	-0.5272
L	-9.8351	-0.7907	1477010462900000	-9.8191	-0.7584	0.0355	1.8350	1.5514	-0.5252
R	9.6740	-3.0776	-0.1182	1477010462950000	-9.8161	-0.6667	0.0838	1.8363	1.5252	-0.5231
L	-9.7663	-0.3948	1477010463000000	-9.8107	-0.5749	0.1320	1.8365	1.4990	-0.5209
R	10.1557	-3.1129	-0.1287	1477010463050000	-9.8029	-0.4832	0.1801	1.8355	1.4730	-0.5186
L	-9.7495	-0.1828	1477010463100000	-9.7927	-0.3916	0.2280	1.8334	1.4471	-0.5163
R	10.6275	-3.1179	-0.2456	1477010463150000	-9.7801	-0.3000	0.2758	1.8302	1.4212	-0.5139
L	-9.8349	-0.1511	1477010463200000	-9.7652	-0.2087	0.3233	1.8258	1.3956	-0.5114
R	9.7258	-3.1335	0.0393	1477010463250000	-9.7478	-0.1176	0.3706	1.8204	1.3700	-0.5088
L	-9.4235	-0.1736	1477010463300000	-9.7282	-0.0269	0.4175	1.8138	1.3445	-0.5061
R	9.8740	3.1520	-0.5539	1477010463350000	-9.7061	0.0635	0.4642	1.8062	1.3192	-0.5034
L	-9.5672	0.3227	1477010463400000	-9.6818	0.1536	0.5105	1.7976	1.2941	-0.5006
R	9.9872	3.1045	-0.5370	1477010463450000	-9.6551	0.2431	0.5565	1.7879	1.2690	-0.4977
L	-9.2702	0.2611	1477010463500000	-9.6262	0.3321	0.6021	1.7772	1.2442	-0.4947
R	9.3485	3.1131	-0.4919	1477010463550000	-9.5950	0.4206	0.6472	1.7655	1.2194	-0.4916
L	-9.2672	0.7194	1477010463600000	-9.5616	0.5085	0.6919	1.7529	1.1948	-0.4885
R	9.0807	3.0921	-0.5952	1477010463650000	-9.5259	0.5957	0.7361	1.7393	1.1704	-0.4853
L	-9.5736	0.7562	1477010463700000	-9.4880	0.6822	0.7798	1.7247	1.1462	-0.4820
R	9.6112	3.0154	-0.7443	1477010463750000	-9.4480	0.7680	0.8230	1.7093	1.1221	-0.4786
L	-9.6316	1.1244	1477010463800000	-9.4058	0.8529	0.8657	1.6930	1.0981	-0.4752
R	9.7856	3.0854	-1.3594	1477010463850000	-9.3616	0.9371	0.9077	1.6758	1.0744	-0.4716
L	-9.3417	0.9225	1477010463900000	-9.3152	1.0203	0.9492	1.6578	1.0508	-0.4680
R	9.2966	2.9845	-0.7722	1477010463950000	-9.2668	1.1026	0.9901	1.6390	1.0274	-0.4644
L	-9.2944	0.9922	1477010464000000	-9.2163	1.1840	1.0303	1.6194	1.0042	-0.4606
R	9.6424	2.9826	-1.1007	1477010464050000	-9.1639	1.2644	1.0699	1.5991	0.9811	-0.4568
L	-9.1237	1.5512	1477010464100000	-9.1095	1.3437	1.1089	1.5781	0.9583	-0.4529
R	9.1710	2.9505	-0.9921	1477010464150000	-9.0531	1.4220	1.1471	1.5564	0.9356	-0.4490
L	-9.2693	1.5637	1477010464200000	-8.9949	1.4992	1.1847	1.5340	0.9132	-0.4450
R	9.0974	2.9886	-0.5826	1477010464250000	-8.9348	1.5752	1.2215	1.5110	0.8909	-0.4409
L	-9.0336	1.8479	1477010464300000	-8.8729	1.6501	1.2576	1.4874	0.8689	-0.4367
R	9.0767	2.9607	-0.9418	1477010464350000	-8.8092	1.7237	1.2930	1.4632	0.8471	-0.4325
L	-8.6606	1.6203	1477010464400000	-8.7438	1.7962	1.3277	1.4385	0.8254	-0.4282
R	9.1386	2.9600	-1.0591	1477010464450000	-8.6766	1.8674	1.3616	1.4133	0.8040	-0.4238
L	-8.8858	1.7728	1477010464500000	-8.6078	1.9373	1.3948	1.3877	0.7828	-0.4193
R	8.7916	2.9368	-1.2026	1477010464550000	-8.5374	2.0060	1.4271	1.3615	0.7619	-0.4148
L	-8.6325	2.1761	1477010464600000	-8.4653	2.0733	1.4587	1.3350	0.7411	-0.4103
R	8.7393	2.8582	-1.2880	1477010464650000	-8.3917	2.1393	1.4896	1.3081	0.7206	-0.4056
L	-8.4379	2.3781	1477010464700000	-8.3165	2.2040	1.5196	1.2809	0.7003	-0.4009
R	8.6501	2.8652	-1.2163	1477010464750000	-8.2399	2.2672	1.5489	1.2533	0.6803	-0.3962
L	-8.1771	2.1961	1477010464800000	-8.1619	2.3291	1.5774	1.2255	0.6605	-0.3913
R	8.4886	2.8239	-1.3837	1477010464850000	-8.0824	2.3896	1.6051	1.1974	0.6409	-0.3865
L	-8.1004	2.3237	1477010464900000	-8.0016	2.4487	1.6320	1.1691	0.6216	-0.3815
R	8.3005	2.8536	-0.6958	1477010464950000	-7.9194	2.5064	1.6582	1.1406	0.6025	-0.3765
L	-7.8280	2.5360	1477010465000000	-7.8360	2.5626	1.6835	1.1119	0.5837	-0.3714
R	8.0132	2.7791	-1.0339	1477010465050000	-7.7513	2.6175	1.7081	1.0831	0.5651	-0.3663
L	-7.9819	2.5509	1477010465100000	-7.6654	2.6708	1.7319	1.0543	0.5468	-0.3611
R	7.6664	2.8032	-1.7749	1477010465150000	-7.5783	2.7228	1.7550	1.0253	0.5288	-0.3559
L	-7.3726	2.7267	1477010465200000	-7.4901	2.7732	1.7772	0.9964	0.5110	-0.3506
R	7.3605	2.7223	-1.0814	1477010465250000	-7.4008	2.8223	1.7988	0.9674	0.4934	-0.3452
L	-7.2497	2.7645	1477010465300000	-7.3105	2.8699	1.8196	0.9384	0.4762	-0.3398
R	8.0723	2.7397	-1.7166	1477010465350000	-7.2191	2.9160	1.8396	0.9095	0.4592	-0.3344
L	-7.2133	2.8353	1477010465400000	-7.1268	2.9607	1.8589	0.8807	0.4425	-0.3288
R	7.3634	2.7542	-1.6383	1477010465450000	-7.0335	3.0040	1.8775	0.8520	0.4260	-0.3233
L	-7.1000	2.8847	1477010465500000	-6.9392	3.0458	1.8954	0.8235	0.4099	-0.3177
R	7.3247	2.7408	-1.3404	1477010465550000	-6.8441	3.0863	1.9126	0.7951	0.3940	-0.3120
L	-6.7711	3.0416	1477010465600000	-6.7482	3.1253	1.9291	0.7669	0.3784	-0.3063
R	7.0931	2.7021	-1.0203	1477010465650000	-6.6515	3.1629	1.9450	0.7389	0.3631	-0.3005
L	-6.5824	3.0725	1477010465700000	-6.5539	3.1991	1.9601	0.7111	0.3480	-0.2947
R	7.3605	2.6773	-1.3615	1477010465750000	-6.4557	3.2339	1.9747	0.6837	0.3333	-0.2888
L	-6.1760	3.0568	1477010465800000	-6.3567	3.2674	1.9886	0.6565	0.3189	-0.2829
R	7.0716	2.6462	-1.3186	1477010465850000	-6.2570	3.2995	2.0019	0.6296	0.3047	-0.2770
L	-5.9982	3.3325	1477010465900000	-6.1567	3.3303	2.0146	0.6031	0.2909	-0.2710
R	6.8135	2.6097	-1.0912	1477010465950000	-6.0558	3.3598	2.0267	0.5769	0.2773	-0.2650
L	-6.1967	3.3142	1477010466000000	-5.9543	3.3879	2.0382	0.5511	0.2641	-0.2589
R	6.5294	2.6164	-1.1798	1477010466050000	-5.8522	3.4148	2.0492	0.5257	0.2511	-0.2528
L	-6.0278	3.7104	1477010466100000	-5.7496	3.4405	2.0596	0.5007	0.2385	-0.2466
R	6.6321	2.5863	-1.6965	1477010466150000	-5.6464	3.4649	2.0695	0.4762	0.2261	-0.2404
L	-5.5021	3.5418	1477010466200000	-5.5428	3.4880	2.0789	0.4521	0.2141	-0.2342
R	6.3343	2.5526	-1.6256	1477010466250000	-5.4388	3.5100	2.0878	0.4285	0.2024	-0.2279
L	-5.2496	3.4106	1477010466300000	-5.3342	3.5309	2.0962	0.4054	0.1910	-0.2216
R	6.5395	2.5721	-1.9235	1477010466350000	-5.2293	3.5505	2.1042	0.3828	0.1799	-0.2153
L	-5.3527	3.6445	1477010466400000	-5.1240	3.5691	2.1117	0.3607	0.1692	-0.2089
R	6.2504	2.5437	-1.0692	1477010466450000	-5.0183	3.5866	2.1188	0.3392	0.1587	-0.2025
L	-4.9516	3.3434	1477010466500000	-4.9123	3.6030	2.1255	0.3182	0.1486	-0.1960
R	5.7740	2.4629	-1.2368	1477010466550000	-4.8060	3.6184	2.1318	0.2978	0.1388	-0.1896
L	-4.9038	3.7349	1477010466600000	-4.6993	3.6328	2.1377	0.2780	0.1293	-0.1831
R	5.8068	2.4424	-1.7616	1477010466650000	-4.5924	3.6462	2.1432	0.2588	0.1202	-0.1765
L	-4.5727	3.9151	1477010466700000	-4.4851	3.6587	2.1484	0.2402	0.1114	-0.1700
R	5.9008	2.4039	-1.5465	1477010466750000	-4.3777	3.6702	2.1533	0.2223	0.1029	-0.1634
L	-4.5440	3.7613	1477010466800000	-4.2700	3.6809	2.1578	0.2049	0.0947	-0.1568
R	5.6012	2.4473	-1.5278	1477010466850000	-4.1620	3.6907	2.1620	0.1882	0.0868	-0.1501
L	-4.1511	3.6940	1477010466900000	-4.0539	3.6997	2.1659	0.1722	0.0793	-0.1435
R	5.7710	2.3748	-1.6712	1477010466950000	-3.9456	3.7080	2.1696	0.1569	0.0722	-0.1368
L	-3.6895	3.7306	1477010467000000	-3.8371	3.7154	2.1730	0.1422	0.0653	-0.1301
R	5.3640	2.3133	-1.0529	1477010467050000	-3.7284	3.7222	2.1761	0.1282	0.0588	-0.1233
L	-3.5465	3.4933	1477010467100000	-3.6196	3.7283	2.1790	0.1149	0.0527	-0.1166
R	4.2665	2.3415	-1.5226	1477010467150000	-3.5106	3.7337	2.1817	0.1022	0.0468	-0.1098
L	-3.4912	3.8013	1477010467200000	-3.4015	3.7385	2.1841	0.0903	0.0413	-0.1031
R	5.1271	2.3298	-1.6524	1477010467250000	-3.2923	3.7427	2.1863	0.0791	0.0362	-0.0963
L	-3.3173	3.7934	1477010467300000	-3.1830	3.7464	2.1883	0.0687	0.0314	-0.0895
R	5.4377	2.2840	-1.3175	1477010467350000	-3.0735	3.7496	2.1902	0.0589	0.0269	-0.0826
L	-3.0502	3.8273	1477010467400000	-2.9640	3.7523	2.1918	0.0499	0.0228	-0.0758
R	5.1298	2.2764	-1.8636	1477010467450000	-2.8544	3.7546	2.1933	0.0416	0.0190	-0.0689
L	-3.0116	3.6181	1477010467500000	-2.7448	3.7565	2.1946	0.0341	0.0155	-0.0621
R	4.3840	2.1579	-1.0002	1477010467550000	-2.6350	3.7581	2.1958	0.0273	0.0124	-0.0552
L	-2.5825	3.5536	1477010467600000	-2.5252	3.7593	2.1968	0.0212	0.0097	-0.0483
R	4.4053	2.1405	-1.0369	1477010467650000	-2.4154	3.7602	2.1977	0.0159	0.0073	-0.0414
L	-2.3717	3.6026	1477010467700000	-2.3055	3.7609	2.1984	0.0114	0.0052	-0.0345
R	4.5342	2.0958	-0.8599	1477010467750000	-2.1956	3.7614	2.1990	0.0076	0.0035	-0.0276
L	-2.0991	3.7607	1477010467800000	-2.0856	3.7617	2.1994	0.0046	0.0021	-0.0207
R	4.1890	2.0826	-0.9160	1477010467850000	-1.9757	3.7618	2.1997	0.0023	0.0010	-0.0138
L	-1.5868	3.9010	1477010467900000	-1.8657	3.7619	2.1999	0.0008	0.0003	-0.0069
R	4.1371	1.9609	-0.7972	1477010467950000	-1.7557	3.7619	2.2000	-0.0000	-0.0000	0.0000
