0.6807	0.8751	1	1	0.6807	0.8751	0.6	0.6	2.1999	0
0.735093	0.928658	1.1757	1.14232	0.712586	0.747042	0.71	0.6	2.1997	0.0008
0.792952	0.986192	1.16078	1.14891	0.6175	1.0553	0.82	0.6001	2.1994	0.0023
0.928412	1.00566	2.00232	0.810421	1.26865	0.897113	0.93	0.6003	2.199	0.0046
1.03487	1.02749	2.05352	0.664891	1.1406	0.4194	1.0399	0.6006	2.1984	0.0076
1.24844	0.918516	2.71406	-0.279013	1.06416	0.568295	1.1498	0.601	2.1977	0.0114
1.3874	0.875982	2.74039	-0.433725	1.393	0.4297	1.2597	0.6017	2.1969	0.0159
1.50213	0.793676	2.51819	-0.795087	1.14028	0.558713	1.3696	0.6027	2.1959	0.0212
1.61509	0.73834	2.47392	-0.858691	1.464	0.5677	1.4793	0.6039	2.1947	0.0273
1.75919	0.716738	2.64918	-0.733791	1.74204	0.729963	1.5891	0.6054	2.1935	0.0341
1.86025	0.671827	2.55388	-0.745919	1.5692	0.6189	1.6987	0.6073	2.192	0.0416
1.99719	0.645835	2.64543	-0.68281	1.91818	0.632262	1.8083	0.6096	2.1904	0.0499
2.08756	0.608872	2.53436	-0.662053	1.7545	0.6172	1.9179	0.6123	2.1886	0.0589
2.23166	0.585892	2.75795	-0.583257	1.83085	0.492736	2.0273	0.6155	2.1867	0.0686
2.33052	0.57486	2.65892	-0.480339	2.0443	0.7314	2.1366	0.6192	2.1845	0.0791
2.42851	0.596357	2.42168	-0.311152	2.3904	0.649997	2.2458	0.6234	2.1822	0.0903
2.55253	0.592882	2.4241	-0.264959	2.5678	0.672	2.3549	0.6282	2.1796	0.1021
2.62401	0.622781	2.12388	-0.111651	2.38899	0.630921	2.4639	0.6337	2.1769	0.1147
2.68427	0.621723	2.0293	-0.0678366	2.4005	0.6555	2.5727	0.6397	2.1739	0.128
2.7373	0.613544	1.81411	-0.0875452	2.12417	0.482594	2.6814	0.6465	2.1706	0.142
2.84056	0.595836	1.84316	-0.143966	2.9159	0.5208	2.7899	0.654	2.1671	0.1567
2.94137	0.687532	1.94332	0.235847	3.07379	0.870585	2.8982	0.6622	2.1634	0.172
2.98693	0.675048	1.8533	0.171155	2.6856	0.5453	3.0063	0.6712	2.1593	0.188
3.05576	0.666463	1.80182	0.117699	2.54281	0.540387	3.1143	0.681	2.155	0.2047
3.22155	0.69493	1.93537	0.164788	3.6582	0.8155	3.222	0.6917	2.1504	0.222
3.28815	0.723417	1.72482	0.217387	3.23279	0.754208	3.3295	0.7032	2.1454	0.2399
3.37648	0.709019	1.7374	0.127529	3.3836	0.5922	3.4367	0.7157	2.1401	0.2584
3.49684	0.734899	1.91013	0.206081	3.86636	0.837839	3.5436	0.7291	2.1345	0.2776
3.60188	0.73717	1.93019	0.174597	3.6537	0.7042	3.6503	0.7435	2.1285	0.2974
3.73742	0.673731	2.21757	-0.0455467	3.63683	0.509912	3.7566	0.7589	2.1221	0.3177
3.86144	0.6904	2.23553	0.0139415	3.9407	0.7723	3.8627	0.7753	2.1154	0.3386
3.97319	0.716225	2.12817	0.0804346	4.37174	0.842586	3.9683	0.7928	2.1082	0.3601
4.07236	0.713285	2.11695	0.0595338	4.0296	0.6842	4.0736	0.8114	2.1006	0.3821
4.1786	0.744599	2.21989	0.171503	3.92805	0.759515	4.1786	0.8311	2.0925	0.4047
4.26093	0.701141	2.18098	0.00932742	4.0833	0.5024	4.2831	0.8519	2.084	0.4277
4.38221	0.734701	2.28136	0.126923	4.45336	0.820962	4.3871	0.8739	2.0751	0.4512
4.46177	0.793866	2.20889	0.306857	4.2865	0.9653	4.4908	0.8971	2.0656	0.4753
4.57286	0.868013	2.13691	0.48376	4.94397	1.09415	4.5939	0.9215	2.0556	0.4997
4.6775	0.897556	2.13173	0.50136	4.6672	0.9145	4.6965	0.9471	2.0452	0.5246
4.79582	0.930039	2.18687	0.528466	4.94202	0.970964	4.7986	0.974	2.0341	0.55
4.91032	0.92997	2.20312	0.444295	4.9276	0.8477	4.9001	1.0022	2.0225	0.5757
4.99444	0.962546	2.08222	0.469842	4.72908	0.951741	5.0011	1.0316	2.0104	0.6018
5.08083	1.06893	2.02894	0.730104	5.0216	1.3147	5.1014	1.0624	1.9977	0.6283
5.16023	1.16036	1.92292	0.892879	5.06573	1.31131	5.201	1.0945	1.9843	0.6551
5.235	1.24895	1.87178	1.03213	5.1404	1.3685	5.3	1.128	1.9704	0.6822
5.3516	1.2578	1.97586	0.909076	5.48834	1.13713	5.3983	1.1628	1.9558	0.7096
5.47395	1.22526	2.04468	0.669343	5.5546	1.0115	5.4958	1.1991	1.9406	0.7372
5.55898	1.22976	2.14364	0.615415	4.71907	0.975779	5.5925	1.2367	1.9248	0.7652
5.64039	1.30525	2.08354	0.755226	5.5285	1.4157	5.6885	1.2757	1.9082	0.7933
5.75825	1.34176	2.03789	0.730886	6.24852	1.44132	5.7836	1.3161	1.891	0.8216
5.8463	1.37421	2.01417	0.722612	5.7677	1.3533	5.8778	1.3579	1.8731	0.8501
5.89798	1.48838	1.90656	0.966034	5.2163	1.59874	5.9711	1.4012	1.8545	0.8787
6.03837	1.43653	2.01725	0.66196	6.2134	1.1963	6.0634	1.4459	1.8352	0.9074
6.12677	1.47346	2.02427	0.683841	5.79839	1.41773	6.1548	1.4921	1.8152	0.9362
6.23234	1.55989	2.01703	0.83386	6.2942	1.702	6.2452	1.5396	1.7944	0.9651
6.33375	1.59841	1.93294	0.8025	6.60363	1.65597	6.3345	1.5887	1.7729	0.9939
6.44789	1.65971	1.95815	0.85847	6.5593	1.7284	6.4227	1.6392	1.7507	1.0228
6.48868	1.73456	1.6005	0.901512	6.25781	1.86673	6.5097	1.6911	1.7277	1.0517
6.58414	1.68446	1.65764	0.6269	6.5919	1.4521	6.5956	1.7445	1.7039	1.0805
6.66406	1.64013	1.46513	0.357925	6.9551	1.39033	6.6803	1.7993	1.6793	1.1092
6.74143	1.67271	1.46821	0.398306	6.7757	1.7133	6.7637	1.8555	1.654	1.1377
6.831	1.76911	1.671	0.659453	6.82524	2.09112	6.8459	1.9132	1.6279	1.1661
6.93249	1.84093	1.69259	0.76429	7.0614	1.9525	6.9267	1.9723	1.6011	1.1944
7.01455	1.93333	1.77337	0.945409	6.85587	2.1343	7.0062	2.0328	1.5734	1.2224
7.07397	2.00019	1.71472	1.00805	6.932	2.024	7.0843	2.0947	1.545	1.2502
7.18897	1.99262	1.87655	0.863931	7.23254	1.68354	7.1609	2.158	1.5158	1.2776
7.25962	2.04356	1.83188	0.891936	7.1416	2.042	7.236	2.2226	1.4858	1.3048
7.37838	2.03147	1.86104	0.715336	7.79313	1.81238	7.3096	2.2886	1.4551	1.3317
7.41167	2.15604	1.72431	0.977111	7.172	2.3177	7.3817	2.3559	1.4235	1.3581
7.47725	2.26268	1.60804	1.12507	7.4951	2.605	7.4521	2.4246	1.3912	1.3842
7.5631	2.38283	1.59758	1.29868	7.6531	2.543	7.521	2.4945	1.3582	1.4098
7.61722	2.4624	1.3663	1.28754	7.7391	2.64651	7.5881	2.5657	1.3244	1.4349
7.66405	2.56011	1.31524	1.38442	7.5834	2.6195	7.6536	2.6382	1.2898	1.4596
7.71475	2.62581	1.2786	1.37606	7.44007	2.54342	7.7172	2.7119	1.2545	1.4837
7.73534	2.74313	1.18043	1.51998	7.5587	2.8156	7.7791	2.7867	1.2185	1.5073
7.83894	2.76881	1.39818	1.41292	8.08531	2.45773	7.8392	2.8628	1.1818	1.5302
7.95537	2.89444	1.46376	1.54463	8.2611	3.0838	7.8975	2.9399	1.1443	1.5526
8.03238	2.94838	1.39714	1.44929	8.25332	2.88612	7.9538	3.0182	1.1062	1.5743
8.06973	3.04048	1.32869	1.5119	7.9244	3.0508	8.0082	3.0975	1.0674	1.5953
8.13769	3.12463	1.31734	1.52996	8.2416	3.21559	8.0606	3.1779	1.0279	1.6156
8.18634	3.24494	1.26787	1.65126	8.1515	3.3334	8.1111	3.2593	0.9878	1.6351
8.21618	3.36908	1.13623	1.75142	7.94823	3.61161	8.1595	3.3416	0.947	1.6539
8.2931	3.44574	1.17854	1.7162	8.382	3.4439	8.2059	3.4249	0.9056	1.6719
8.31372	3.50187	0.898963	1.55569	8.13242	3.37047	8.2502	3.509	0.8637	1.6891
8.33437	3.5851	0.850611	1.57803	8.2184	3.5668	8.2923	3.594	0.8212	1.7054
8.34053	3.72185	0.675275	1.70559	8.20448	4.1676	8.3324	3.6797	0.7781	1.7209
8.39343	3.77747	0.724302	1.6223	8.4492	3.7272	8.3702	3.7662	0.7345	1.7354
8.40769	3.90615	0.63201	1.73994	8.33525	4.275	8.4059	3.8534	0.6904	1.7491
8.45958	3.99353	0.670725	1.73385	8.5612	4.0231	8.4393	3.9413	0.6458	1.7618
8.52507	4.07493	0.771858	1.72681	8.96704	4.12659	8.4705	4.0298	0.6008	1.7735
8.57564	4.06177	0.839421	1.46872	8.49	3.8155	8.4995	4.1188	0.5554	1.7842
8.63566	4.12016	0.933913	1.44913	8.71581	3.98355	8.5261	4.2084	0.5095	1.794
8.61072	4.32449	0.738028	1.81103	8.4543	4.5697	8.5505	4.2984	0.4633	1.8027
8.62461	4.43977	0.613303	1.84683	8.55075	4.68685	8.5725	4.3888	0.4167	1.8103
8.62704	4.56255	0.544546	1.93407	8.5362	4.6019	8.5922	4.4796	0.3699	1.8169
8.65369	4.62148	0.410482	1.75496	8.90142	4.5026	8.6095	4.5706	0.3227	1.8225
8.67727	4.68307	0.428791	1.68841	8.651	4.6158	8.6244	4.662	0.2753	1.8269
8.69011	4.77429	0.419444	1.71502	8.54173	4.77789	8.637	4.7535	0.2276	1.8302
8.67806	4.8809	0.344444	1.77951	8.5547	4.8864	8.6472	4.8451	0.1798	1.8324
8.66314	4.98721	0.314545	1.86059	8.0682	4.89905	8.655	4.9369	0.1318	1.8335
8.6657	5.10751	0.275336	1.93312	8.6484	5.1634	8.6604	5.0286	0.0837	1.8334
8.696	5.15175	0.0502968	1.62073	9.57156	5.21406	8.6634	5.1203	0.0355	1.8322
8.67277	5.19634	0.0165617	1.54141	8.4929	5.0479	8.664	5.2119	-0.0128	1.8298
8.66937	5.34811	0.116006	1.81804	8.55278	5.88523	8.6621	5.3034	-0.0611	1.8262
8.66682	5.34251	0.146498	1.58518	8.4653	5.0453	8.6578	5.3947	-0.1094	1.8215
8.67673	5.41143	0.139218	1.54737	8.71589	5.34256	8.6512	5.4857	-0.1577	1.8155
8.67388	5.51773	0.105248	1.6218	8.6789	5.5868	8.6421	5.5763	-0.2059	1.8084
8.68605	5.59532	0.0389156	1.55618	9.03771	5.77251	8.6305	5.6666	-0.254	1.8001
8.69791	5.67838	0.0563929	1.56494	8.7516	5.7114	8.6166	5.7564	-0.3019	1.7907
8.68937	5.72234	-0.0349708	1.4283	8.55974	5.43473	8.6003	5.8457	-0.3497	1.78
8.64366	5.83249	-0.143783	1.53956	8.5159	5.8732	8.5817	5.9345	-0.3973	1.7682
8.62736	5.92949	-0.111171	1.63498	8.40082	5.97715	8.5606	6.0226	-0.4446	1.7552
8.58702	6.03443	-0.19416	1.70478	8.4751	6.0443	8.5372	6.1101	-0.4916	1.7409
8.52051	6.14297	-0.558939	1.61329	8.40623	6.68453	8.5114	6.1968	-0.5383	1.7256
8.49797	6.28824	-0.580833	1.76437	8.6377	6.5014	8.4833	6.2827	-0.5847	1.709
8.45101	6.39293	-0.622481	1.8149	8.23629	6.48512	8.4529	6.3677	-0.6307	1.6913
8.44529	6.44472	-0.548752	1.71301	8.4823	6.3653	8.4202	6.4518	-0.6763	1.6725
8.43201	6.49446	-0.550785	1.5814	8.60362	6.23752	8.3853	6.535	-0.7214	1.6525
8.37357	6.57367	-0.616173	1.59474	8.2446	6.5171	8.3481	6.6171	-0.766	1.6314
8.33934	6.68875	-0.579858	1.73026	8.29603	6.97348	8.3087	6.6981	-0.8102	1.6091
8.29565	6.83077	-0.640425	1.86504	8.3385	6.9899	8.2671	6.778	-0.8537	1.5858
8.26986	6.93243	-0.626936	1.88584	8.40364	7.07111	8.2233	6.8567	-0.8968	1.5614
8.26552	7.00427	-0.556962	1.82297	8.3325	6.9779	8.1774	6.9342	-0.9392	1.5359
8.21931	7.11914	-0.584017	1.90844	7.9889	7.26533	8.1294	7.0103	-0.9809	1.5093
8.20576	7.18808	-0.536039	1.84148	8.2179	7.1251	8.0793	7.0851	-1.022	1.4817
8.1235	7.24804	-0.910464	1.54432	7.89151	7.28857	8.0272	7.1585	-1.0624	1.4531
8.05534	7.33363	-0.964074	1.57286	7.9828	7.3204	7.9731	7.2304	-1.1021	1.4235
8.0113	7.31245	-1.0606	1.19153	7.92457	6.42272	7.917	7.3008	-1.141	1.3929
7.91524	7.3512	-1.1435	1.16294	7.7104	7.1937	7.859	7.3696	-1.1791	1.3614
7.84936	7.41342	-1.17669	1.16462	7.77802	7.45804	7.7991	7.4369	-1.2164	1.3289
7.71935	7.50584	-1.3513	1.2713	7.515	7.4959	7.7374	7.5025	-1.2529	1.2955
7.65184	7.55229	-1.42781	1.1453	7.80645	7.59242	7.6739	7.5664	-1.2886	1.2612
7.69836	7.49183	-1.10241	0.834826	7.9123	7.2746	7.6086	7.6286	-1.3233	1.2261
7.617	7.57162	-1.1016	1.01192	7.21448	7.7071	7.5416	7.689	-1.3572	1.1902
7.55778	7.63672	-1.11858	1.04593	7.5701	7.6837	7.4729	7.7475	-1.3901	1.1534
7.5137	7.65999	-1.14265	0.906187	7.71048	7.52313	7.4027	7.8042	-1.4221	1.1159
7.38803	7.7466	-1.31769	1.02664	7.2171	7.7745	7.3308	7.8591	-1.4531	1.0776
7.34105	7.79082	-1.26967	1.00408	7.56646	7.78916	7.2574	7.912	-1.4831	1.0386
7.22361	7.92742	-1.43779	1.21576	7.1943	8.1615	7.1826	7.9629	-1.5121	0.9989
7.11724	7.97456	-1.64141	1.04914	6.93586	8.06128	7.1063	8.0118	-1.5401	0.9585
7.10408	8.01092	-1.47559	0.985548	7.3149	8.077	7.0287	8.0587	-1.5671	0.9175
7.03646	7.99916	-1.54247	0.716055	7.08462	7.53055	6.9497	8.1035	-1.593	0.8759
6.86642	8.0934	-1.7871	0.880171	6.6571	8.1551	6.8695	8.1462	-1.6179	0.8338
6.74279	8.14962	-1.93175	0.849044	6.51731	8.36984	6.788	8.1868	-1.6417	0.7911
6.67075	8.19984	-1.87904	0.855396	6.7676	8.2775	6.7054	8.2253	-1.6644	0.7479
6.53581	8.2391	-2.03135	0.79038	6.14416	8.17525	6.6217	8.2615	-1.686	0.7043
6.47141	8.2339	-1.92046	0.681414	6.511	8.1143	6.537	8.2956	-1.7065	0.6602
6.40474	8.2931	-1.71394	0.923536	6.49266	8.21378	6.4512	8.3275	-1.7259	0.6158
6.30967	8.3388	-1.73577	0.926302	6.2787	8.3197	6.3645	8.3572	-1.7442	0.5709
6.22738	8.33171	-1.88678	0.547721	6.52609	8.34663	6.2769	8.3846	-1.7614	0.5258
6.17661	8.41142	-1.8112	0.638843	6.4075	8.7172	6.1885	8.4097	-1.7774	0.4803
6.11252	8.38716	-1.88586	0.270775	6.60939	8.38039	6.0994	8.4325	-1.7924	0.4346
6.02321	8.41987	-1.88409	0.308344	6.0726	8.5132	6.0095	8.4531	-1.8062	0.3887
5.92633	8.44553	-1.91689	0.300191	6.01333	8.70168	5.9189	8.4714	-1.8188	0.3425
5.76677	8.50372	-2.09186	0.413981	5.6488	8.5844	5.8278	8.4873	-1.8304	0.2962
5.64037	8.55445	-2.11284	0.558717	5.41662	8.68597	5.7361	8.501	-1.8408	0.2498
5.62891	8.52007	-1.85289	0.396427	5.8019	8.4	5.6439	8.5123	-1.8501	0.2033
5.49515	8.5172	-2.05321	0.189609	5.21396	8.46052	5.5512	8.5213	-1.8583	0.1567
5.33944	8.56229	-2.20037	0.281613	5.2446	8.6356	5.4582	8.5279	-1.8654	0.1101
5.22552	8.59599	-2.09665	0.532371	4.94653	8.22412	5.3649	8.5323	-1.8714	0.0635
5.21699	8.53807	-1.81737	0.328815	5.3525	8.3032	5.2713	8.5343	-1.8764	0.017
5.13483	8.51001	-1.87489	0.0619888	5.27173	8.34728	5.1775	8.534	-1.8802	-0.0295
5.11395	8.44692	-1.66215	-0.0962177	5.2115	8.2534	5.0835	8.5314	-1.883	-0.0759
5.00737	8.43087	-1.75291	-0.174956	4.80704	8.30689	4.9894	8.5264	-1.8847	-0.1221
4.89485	8.42741	-1.81683	-0.155112	4.8338	8.4125	4.8953	8.5192	-1.8854	-0.1682
4.8295	8.42438	-1.74176	-0.130567	5.08725	8.57024	4.8011	8.5096	-1.885	-0.214
4.77108	8.4198	-1.67165	-0.137216	4.8534	8.4743	4.707	8.4978	-1.8836	-0.2597
4.69792	8.37464	-1.77547	-0.48984	5.03036	8.63097	4.613	8.4837	-1.8813	-0.305
4.63588	8.36155	-1.71438	-0.477081	4.7268	8.4579	4.5191	8.4673	-1.878	-0.3501
4.5407	8.34957	-1.71752	-0.400573	4.43479	8.34658	4.4254	8.4487	-1.8737	-0.3949
4.35447	8.35395	-1.98035	-0.315952	4.1191	8.3185	4.332	8.4279	-1.8685	-0.4394
4.22155	8.35711	-2.08762	-0.2908	4.02647	8.57955	4.2388	8.4049	-1.8623	-0.4834
4.06853	8.36886	-2.22308	-0.223065	3.9776	8.4255	4.146	8.3796	-1.8553	-0.5271
3.96848	8.32219	-2.22515	-0.39877	4.0049	8.07534	4.0535	8.3522	-1.8474	-0.5704
3.8743	8.28899	-2.17533	-0.429499	3.9	8.2471	3.9615	8.3227	-1.8386	-0.6132
3.68331	8.29297	-2.36392	-0.271141	3.00429	8.01569	3.8699	8.291	-1.8291	-0.6556
3.65441	8.23155	-2.11193	-0.389143	3.8174	8.1111	3.7788	8.2572	-1.8187	-0.6975
3.63255	8.18051	-1.87292	-0.460641	4.16124	7.96388	3.6883	8.2213	-1.8075	-0.7389
3.51749	8.21325	-1.9528	-0.349141	3.5361	8.4702	3.5983	8.1834	-1.7956	-0.7797
3.38217	8.18165	-2.12856	-0.570596	3.23068	8.38419	3.5089	8.1435	-1.783	-0.82
3.34902	8.11756	-1.92182	-0.65867	3.4857	8.0259	3.4202	8.1015	-1.7697	-0.8598
3.2634	8.05218	-1.94084	-0.878841	3.35887	7.9913	3.3322	8.0576	-1.7557	-0.899
3.1875	8.0354	-1.89686	-0.83394	3.272	8.2017	3.2449	8.0118	-1.741	-0.9375
3.08739	8.01284	-1.86684	-0.657377	2.99145	7.90437	3.1583	7.964	-1.7258	-0.9755
3.10729	7.94538	-1.55402	-0.753862	3.3423	7.8968	3.0725	7.9143	-1.71	-1.0129
2.99311	7.87694	-1.6829	-0.920276	2.70869	7.49261	2.9875	7.8629	-1.6936	-1.0496
2.87896	7.81631	-1.75603	-0.938965	2.7894	7.7055	2.9034	7.8095	-1.6767	-1.0857
2.77966	7.74812	-1.83258	-1.1318	2.75113	7.78732	2.8201	7.7544	-1.6593	-1.1211
2.77992	7.67936	-1.58332	-1.17949	2.9888	7.7163	2.7377	7.6976	-1.6414	-1.1558
2.71044	7.61874	-1.55458	-1.17933	2.76361	7.61354	2.6562	7.639	-1.6231	-1.1899
2.60397	7.56315	-1.63268	-1.16512	2.538	7.5503	2.5756	7.5788	-1.6044	-1.2233
2.47185	7.55298	-1.79452	-1.08235	2.34274	8.30967	2.4959	7.5169	-1.5854	-1.256
2.38657	7.47432	-1.77312	-1.12882	2.3721	7.3485	2.4172	7.4533	-1.5659	-1.288
2.28807	7.41803	-1.82837	-1.22113	2.30449	7.68053	2.3395	7.3882	-1.5462	-1.3192
2.18937	7.37131	-1.85339	-1.19318	2.1857	7.441	2.2628	7.3216	-1.5262	-1.3498
1.98046	7.34023	-2.19812	-1.16938	1.42959	7.55157	2.1871	7.2534	-1.5059	-1.3797
1.86502	7.31214	-2.22385	-1.1131	1.8789	7.4711	2.1124	7.1838	-1.4855	-1.4089
1.84505	7.1797	-2.00324	-1.52797	2.19347	6.82183	2.0387	7.1127	-1.4648	-1.4373
1.80136	7.06229	-1.83365	-1.61027	1.9026	6.8823	1.9661	7.0403	-1.4439	-1.465
1.69582	6.97351	-1.88356	-1.68161	1.63345	6.9451	1.8945	6.9664	-1.423	-1.492
1.7034	6.86307	-1.59174	-1.7461	1.925	6.7909	1.824	6.8912	-1.4019	-1.5183
1.66873	6.79576	-1.44338	-1.59357	1.8844	6.95204	1.7545	6.8148	-1.3807	-1.5439
1.60568	6.72458	-1.4206	-1.58001	1.6332	6.7775	1.686	6.737	-1.3596	-1.5688
1.54298	6.64596	-1.39126	-1.55404	1.56614	6.59674	1.6187	6.6581	-1.3383	-1.593
1.50471	6.54749	-1.29662	-1.59729	1.5668	6.4534	1.5523	6.5779	-1.3172	-1.6165
1.43498	6.42519	-1.33517	-1.84838	1.37509	6.11489	1.4871	6.4966	-1.296	-1.6393
1.43373	6.37143	-1.16207	-1.79162	1.6183	6.6257	1.4229	6.4142	-1.2749	-1.6613
1.28583	6.35694	-1.36669	-1.29319	0.927112	6.45294	1.3597	6.3307	-1.2539	-1.6827
1.25594	6.23775	-1.24036	-1.39856	1.3184	5.9601	1.2976	6.2461	-1.233	-1.7035
1.23656	6.16449	-1.14785	-1.57728	1.50642	6.74933	1.2365	6.1605	-1.2123	-1.7235
1.22461	6.10776	-1.02371	-1.54556	1.3515	6.2559	1.1765	6.0739	-1.1917	-1.7429
1.19831	6.01711	-0.95059	-1.58744	1.25956	5.86641	1.1175	5.9864	-1.1714	-1.7616
1.12923	5.92914	-1.01045	-1.59894	1.0696	5.8699	1.0595	5.898	-1.1512	-1.7797
1.09486	5.84633	-0.960549	-1.59499	1.1399	5.79893	1.0025	5.8086	-1.1313	-1.7971
1.0808	5.74439	-0.855624	-1.64025	1.1578	5.6383	0.9464	5.7184	-1.1117	-1.8139
0.988532	5.67117	-0.983109	-1.50721	0.789962	5.35373	0.8914	5.6274	-1.0923	-1.8301
0.931631	5.60673	-1.00875	-1.48641	0.9164	5.6637	0.8373	5.5356	-1.0733	-1.8457
0.898772	5.50075	-0.95491	-1.58511	0.880739	5.03129	0.7841	5.443	-1.0546	-1.8607
0.813622	5.42568	-1.06667	-1.57206	0.7144	5.4327	0.7319	5.3497	-1.0362	-1.875
0.794166	5.27578	-0.986432	-1.97635	0.81356	4.77103	0.6806	5.2557	-1.0182	-1.8888
0.714143	5.16228	-1.07488	-1.9984	0.6239	5.0687	0.6302	5.161	-1.0006	-1.902
0.691201	5.05132	-0.976227	-1.99205	0.736039	4.80192	0.5806	5.0656	-0.9835	-1.9147
0.549572	4.95921	-1.2588	-1.96882	0.2864	4.9723	0.5319	4.9697	-0.9667	-1.9268
0.448462	4.89101	-1.38054	-1.90761	0.388694	5.4273	0.484	4.8731	-0.9504	-1.9383
0.445046	4.76681	-1.17331	-1.96202	0.6333	4.6193	0.4369	4.776	-0.9345	-1.9494
0.354848	4.65101	-1.27379	-2.07737	0.275008	4.51042	0.3906	4.6783	-0.9192	-1.9599
0.325133	4.55775	-1.16978	-2.0601	0.4312	4.6224	0.345	4.5801	-0.9043	-1.9699
0.207727	4.46794	-1.35379	-1.99122	0.0862077	4.53758	0.3002	4.4815	-0.8899	-1.9793
0.156405	4.38063	-1.30395	-1.96997	0.2098	4.4508	0.2561	4.3823	-0.8761	-1.9883
0.109527	4.32552	-1.24975	-1.72321	0.169497	4.69364	0.2126	4.2828	-0.8628	-1.9968
0.00525674	4.22053	-1.38163	-1.75858	-0.1344	4.1154	0.1698	4.1828	-0.85	-2.0049
-0.00848199	4.10414	-1.19586	-2.01809	0.0809011	4.17041	0.1276	4.0824	-0.8379	-2.0124
-0.0507116	3.99792	-1.13828	-2.02494	0.0114	3.9657	0.0861	3.9817	-0.8262	-2.0195
-0.10641	3.86368	-1.12792	-2.20595	-0.102116	3.56904	0.045	3.8806	-0.8152	-2.0262
-0.120828	3.74443	-0.98873	-2.21488	0.0359	3.6863	0.0046	3.7791	-0.8048	-2.0324
-0.229565	3.61878	-1.17894	-2.3353	-0.329648	3.64864	-0.0354	3.6774	-0.7949	-2.0382
-0.229287	3.49064	-0.979253	-2.34423	0.008	3.4139	-0.0749	3.5754	-0.7857	-2.0436
-0.113386	3.39961	-0.418024	-2.36137	0.139003	3.91433	-0.114	3.4731	-0.7771	-2.0485
-0.126049	3.28046	-0.389711	-2.3612	-0.0903	3.2724	-0.1526	3.3706	-0.7692	-2.0531
-0.14513	3.15859	-0.389401	-2.346	-0.13768	3.01035	-0.1909	3.2679	-0.7618	-2.0572
-0.140431	3.03829	-0.303904	-2.34708	-0.0275	3.0167	-0.2288	3.165	-0.7551	-2.0609
-0.209148	2.96101	-0.500338	-2.13078	-0.310121	3.37599	-0.2664	3.0619	-0.7491	-2.0643
-0.230391	2.83723	-0.487026	-2.16017	-0.2088	2.7398	-0.3037	2.9586	-0.7437	-2.0672
-0.291876	2.73173	-0.600795	-2.37787	-0.439838	3.53454	-0.3408	2.8552	-0.739	-2.0698
-0.290933	2.66331	-0.48085	-2.28191	-0.1242	2.944	-0.3776	2.7517	-0.7349	-2.0719
-0.35739	2.5634	-0.649239	-2.1585	-0.405962	2.61518	-0.4143	2.6481	-0.7316	-2.0737
-0.415086	2.50096	-0.739431	-2.08688	-0.5692	2.7578	-0.4508	2.5443	-0.7288	-2.0752
-0.510611	2.39422	-0.973106	-2.04431	-0.556906	2.34775	-0.4872	2.4406	-0.7268	-2.0762
-0.543569	2.26596	-0.918191	-2.08322	-0.4424	2.12	-0.5235	2.3367	-0.7254	-2.0769
-0.602954	2.17312	-1.0004	-1.93903	-0.571427	2.04953	-0.5597	2.2329	-0.7247	-2.0772
-0.641374	2.12028	-0.938222	-1.84667	-0.5478	2.3725	-0.596	2.129	-0.7247	-2.0771
-0.653661	2.01976	-0.758367	-1.98974	-0.666627	2.12709	-0.6322	2.0252	-0.7254	-2.0767
-0.658423	1.92313	-0.62505	-1.95238	-0.4029	1.9545	-0.6685	1.9214	-0.7267	-2.0759
-0.680391	1.84474	-0.602597	-1.84051	-0.692627	1.91946	-0.7049	1.8176	-0.7287	-2.0747
-0.734038	1.74387	-0.703303	-1.88424	-0.9394	1.6728	-0.7414	1.7139	-0.7314	-2.0732
-0.811054	1.6484	-0.934674	-1.78114	-0.766138	1.50861	-0.7781	1.6102	-0.7347	-2.0713
-0.849209	1.54405	-0.911931	-1.80401	-0.7914	1.4616	-0.8149	1.5067	-0.7387	-2.069
-0.880423	1.47578	-0.873713	-1.6749	-0.849696	1.46156	-0.852	1.4033	-0.7434	-2.0663
-0.917496	1.36912	-0.869192	-1.72176	-0.9006	1.2291	-0.8893	1.3	-0.7487	-2.0632
-0.935693	1.2812	-0.696122	-1.80368	-0.978548	1.35315	-0.9269	1.1969	-0.7547	-2.0598
-0.975478	1.1905	-0.715605	-1.81416	-1.0255	1.1732	-0.9648	1.094	-0.7614	-2.056
-1.0683	1.0464	-0.987047	-2.05187	-1.15006	1.05728	-1.0031	0.9913	-0.7687	-2.0517
-1.09868	0.923541	-0.943307	-2.07887	-0.9821	0.8164	-1.0417	0.8888	-0.7766	-2.0471
-1.13354	0.825351	-0.842194	-2.08206	-1.18342	0.866281	-1.0808	0.7865	-0.7851	-2.042
-1.16627	0.703538	-0.832305	-2.1308	-1.1531	0.5525	-1.1203	0.6845	-0.7943	-2.0365
-1.20228	0.604245	-0.819628	-2.08531	-1.09988	0.558828	-1.1602	0.5828	-0.8041	-2.0306
-1.23542	0.510366	-0.789613	-2.02184	-1.132	0.6736	-1.2007	0.4814	-0.8145	-2.0243
-1.24199	0.430304	-0.716484	-1.86036	-0.558743	0.203067	-1.2417	0.3803	-0.8254	-2.0176
-1.28671	0.328044	-0.741749	-1.92209	-1.3763	0.1715	-1.2833	0.2795	-0.837	-2.0103
-1.36432	0.198343	-0.882299	-2.1307	-2.05229	0.25849	-1.3255	0.1791	-0.8491	-2.0027
-1.41434	0.089848	-0.894443	-2.14858	-1.4544	0.0499	-1.3683	0.0792	-0.8618	-1.9946
-1.47506	-0.0474414	-1.02439	-2.30531	-1.55868	-0.068927	-1.4117	-0.0204	-0.8751	-1.986
-1.49758	-0.183456	-0.961422	-2.39368	-1.3393	-0.4585	-1.4559	-0.1196	-0.8888	-1.9769
-1.54673	-0.25808	-0.832396	-2.15697	-1.83494	-0.275434	-1.5007	-0.2182	-0.9031	-1.9673
-1.58597	-0.364404	-0.82929	-2.14887	-1.5733	-0.3476	-1.5463	-0.3164	-0.9179	-1.9572
-1.61057	-0.443507	-0.676087	-1.98502	-1.60759	-0.429191	-1.5926	-0.4141	-0.9332	-1.9467
-1.63715	-0.527607	-0.679837	-1.91498	-1.6128	-0.3721	-1.6397	-0.5112	-0.949	-1.9356
-1.69528	-0.631226	-0.89544	-1.99574	-1.60566	-0.591379	-1.6875	-0.6078	-0.9653	-1.9239
-1.74401	-0.722676	-0.914794	-1.95675	-1.7801	-0.635	-1.7363	-0.7037	-0.9819	-1.9118
-1.7753	-0.797754	-0.75489	-1.80632	-1.85474	-0.82315	-1.7858	-0.7991	-0.9991	-1.899
-1.84605	-0.87698	-0.843119	-1.73786	-2.0634	-0.7398	-1.8363	-0.8938	-1.0166	-1.8858
-1.86872	-0.980237	-0.782476	-1.817	-1.67566	-0.903038	-1.8876	-0.9878	-1.0345	-1.8719
-1.89396	-1.06951	-0.75288	-1.8218	-1.8108	-1.0711	-1.9398	-1.0811	-1.0528	-1.8575
-1.92078	-1.168	-0.668049	-1.82884	-1.98217	-1.22318	-1.993	-1.1737	-1.0714	-1.8425
-1.93885	-1.27501	-0.611321	-1.89847	-1.8333	-1.3996	-2.0471	-1.2655	-1.0904	-1.8268
-1.9943	-1.42745	-0.835198	-2.23134	-2.14846	-1.57766	-2.1021	-1.3565	-1.1096	-1.8106
-2.05397	-1.54674	-0.869446	-2.24193	-2.1564	-1.5876	-2.1581	-1.4467	-1.1292	-1.7938
-2.13684	-1.59891	-0.937207	-1.93396	-2.40738	-1.67717	-2.2151	-1.536	-1.149	-1.7763
-2.17912	-1.67987	-0.945693	-1.8878	-2.157	-1.5846	-2.2732	-1.6245	-1.1691	-1.7582
-2.26379	-1.75272	-1.13072	-1.83909	-2.3441	-1.7398	-2.3322	-1.712	-1.1894	-1.7394
-2.34506	-1.85557	-1.18106	-1.85057	-2.4827	-1.9182	-2.3922	-1.7986	-1.2098	-1.72
-2.43026	-1.91337	-1.31038	-1.74457	-2.35566	-1.77261	-2.4533	-1.8842	-1.2305	-1.6999
-2.50158	-2.00929	-1.31553	-1.76524	-2.5349	-2.0579	-2.5154	-1.9688	-1.2513	-1.6792
-2.57456	-2.04833	-1.32977	-1.57245	-2.36258	-1.79975	-2.5786	-2.0523	-1.2722	-1.6578
-2.67035	-2.12654	-1.40331	-1.54625	-2.8228	-2.1376	-2.6428	-2.1347	-1.2932	-1.6357
-2.70768	-2.17475	-1.22928	-1.39336	-2.3831	-1.90942	-2.708	-2.216	-1.3143	-1.6129
-2.78154	-2.27052	-1.23501	-1.45715	-2.8606	-2.4073	-2.7743	-2.2962	-1.3354	-1.5895
-2.83543	-2.3463	-1.22265	-1.47929	-2.73159	-2.27658	-2.8417	-2.3751	-1.3565	-1.5653
-2.89327	-2.45009	-1.18783	-1.56494	-2.8987	-2.5907	-2.9101	-2.4528	-1.3776	-1.5404
-2.96416	-2.55364	-1.33761	-1.74805	-2.89585	-2.5194	-2.9796	-2.5293	-1.3987	-1.5148
-3.08079	-2.61623	-1.48034	-1.64168	-3.3029	-2.5425	-3.0502	-2.6045	-1.4197	-1.4886
-3.16749	-2.67037	-1.55974	-1.57858	-2.98747	-2.44162	-3.1218	-2.6783	-1.4405	-1.4616
-3.18942	-2.76988	-1.40727	-1.67641	-2.9414	-2.8088	-3.1944	-2.7508	-1.4613	-1.4339
-3.23627	-2.85444	-1.30978	-1.66055	-3.07242	-2.75617	-3.2681	-2.8219	-1.4819	-1.4055
-3.26565	-2.97489	-1.19275	-1.78542	-3.1362	-3.1027	-3.3428	-2.8915	-1.5023	-1.3764
-3.35604	-3.02435	-1.29669	-1.65901	-3.37264	-2.88479	-3.4185	-2.9597	-1.5225	-1.3465
-3.46335	-3.08099	-1.42036	-1.56144	-3.6277	-3.0139	-3.4952	-3.0263	-1.5424	-1.316
-3.55711	-3.21212	-1.46654	-1.70931	-4.21397	-3.9076	-3.5729	-3.0914	-1.5621	-1.2848
-3.67351	-3.27736	-1.58472	-1.62758	-3.8433	-3.2426	-3.6516	-3.1549	-1.5814	-1.2529
-3.76036	-3.33247	-1.652	-1.58246	-3.52026	-3.03614	-3.7312	-3.2168	-1.6004	-1.2202
-3.83222	-3.3833	-1.64711	-1.51838	-3.7477	-3.2499	-3.8118	-3.2771	-1.6191	-1.1869
-3.92685	-3.3706	-1.64823	-1.20697	-3.54423	-2.79982	-3.8934	-3.3357	-1.6373	-1.1529
-3.97837	-3.43831	-1.57099	-1.24624	-3.852	-3.4269	-3.9758	-3.3925	-1.6551	-1.1183
-4.02137	-3.5503	-1.40966	-1.35588	-4.13005	-3.89559	-4.0591	-3.4476	-1.6725	-1.0829
-4.08072	-3.56973	-1.41637	-1.24187	-3.9643	-3.3579	-4.1432	-3.5009	-1.6893	-1.047
-4.1571	-3.63733	-1.41627	-1.2439	-4.30736	-3.77094	-4.2282	-3.5524	-1.7057	-1.0103
-4.22001	-3.74978	-1.36512	-1.3741	-4.2571	-3.94	-4.314	-3.6021	-1.7214	-0.9731
-4.33051	-3.73934	-1.4759	-1.11684	-4.29382	-3.35724	-4.4006	-3.6498	-1.7367	-0.9352
-4.41199	-3.77909	-1.50403	-1.07239	-4.4217	-3.7264	-4.4879	-3.6957	-1.7513	-0.8967
-4.54382	-3.78263	-1.73539	-0.972017	-4.63386	-3.53947	-4.5759	-3.7396	-1.7652	-0.8576
-4.70886	-3.79283	-1.93708	-0.82803	-4.9908	-3.7599	-4.6646	-3.7816	-1.7785	-0.818
-4.76953	-3.8367	-1.72463	-0.75473	-4.70302	-3.87756	-4.754	-3.8215	-1.7911	-0.7778
-4.83938	-3.84224	-1.70738	-0.684397	-4.7187	-3.6952	-4.8439	-3.8594	-1.803	-0.737
-4.93528	-3.91313	-1.75429	-0.805255	-5.2424	-4.27406	-4.9345	-3.8953	-1.8142	-0.6957
-5.01551	-4.02005	-1.69975	-0.976842	-5.0846	-4.2555	-5.0256	-3.9291	-1.8245	-0.654
-5.11009	-4.05769	-1.78406	-0.987915	-4.97424	-3.87964	-5.1172	-3.9607	-1.8341	-0.6117
-5.23661	-4.00839	-1.9221	-0.720544	-5.2473	-3.7065	-5.2092	-3.9903	-1.8429	-0.569
-5.33356	-4.04805	-1.94225	-0.744312	-5.31057	-4.0446	-5.3017	-4.0177	-1.8508	-0.5258
-5.40276	-4.05927	-1.89615	-0.69606	-5.2379	-3.9226	-5.3945	-4.0429	-1.8578	-0.4823
-5.50942	-4.10108	-2.03302	-0.791218	-5.37543	-4.00219	-5.4876	-4.066	-1.864	-0.4383
-5.57973	-4.15444	-1.95849	-0.843886	-5.4615	-4.1532	-5.5811	-4.0868	-1.8693	-0.394
-5.63383	-4.19577	-1.78836	-0.811274	-5.21652	-4.01102	-5.6748	-4.1054	-1.8736	-0.3493
-5.69527	-4.25125	-1.72077	-0.86439	-5.5938	-4.2581	-5.7687	-4.1218	-1.8769	-0.3043
-5.76888	-4.29385	-1.67031	-0.852186	-5.65339	-4.24615	-5.8627	-4.1359	-1.8793	-0.2591
-5.91161	-4.29368	-1.81933	-0.713069	-6.1074	-4.2426	-5.9568	-4.1477	-1.8808	-0.2135
-5.99217	-4.31948	-1.74097	-0.650744	-5.95282	-4.27582	-6.0509	-4.1572	-1.8812	-0.1678
-6.13673	-4.34109	-1.8685	-0.591649	-6.3767	-4.3973	-6.1451	-4.1645	-1.8805	-0.1218
-6.23438	-4.35782	-1.87869	-0.553547	-6.22012	-4.26997	-6.2392	-4.1694	-1.8789	-0.0757
-6.37602	-4.3057	-2.01846	-0.329403	-6.4613	-4.1185	-6.3332	-4.1721	-1.8762	-0.0294
-6.48172	-4.32603	-2.16085	-0.424512	-6.15649	-4.12919	-6.427	-4.1724	-1.8724	0.0169
-6.61979	-4.2749	-2.25716	-0.22738	-6.6397	-4.0892	-6.5206	-4.1704	-1.8676	0.0634
-6.67812	-4.29876	-1.95581	-0.174024	-6.47062	-4.38221	-6.6139	-4.166	-1.8617	0.1099
-6.81001	-4.24968	-2.05128	-0.0105136	-6.8751	-4.1224	-6.7069	-4.1594	-1.8547	0.1564
-6.89005	-4.26643	-1.92518	-0.0197534	-6.86208	-4.40412	-6.7995	-4.1504	-1.8466	0.2029
-7.00022	-4.23068	-1.96919	0.0803406	-7.0073	-4.1401	-6.8917	-4.139	-1.8374	0.2493
-7.09171	-4.18455	-1.85436	0.253496	-7.06867	-3.94643	-6.9834	-4.1254	-1.827	0.2957
-7.14478	-4.16435	-1.77822	0.25261	-6.9458	-4.0802	-7.0746	-4.1095	-1.8156	0.3419
-7.24958	-4.15873	-1.9428	0.166826	-7.13223	-4.09779	-7.1651	-4.0912	-1.803	0.388
-7.32735	-4.14202	-1.90776	0.17851	-7.2221	-4.0879	-7.255	-4.0706	-1.7894	0.4339
-7.41356	-4.08482	-1.75575	0.381272	-7.43456	-3.82802	-7.3442	-4.0478	-1.7745	0.4795
-7.47068	-4.11024	-1.67733	0.253027	-7.3902	-4.1914	-7.4326	-4.0226	-1.7586	0.5249
-7.53799	-4.0688	-1.52136	0.390405	-7.49981	-3.91681	-7.5202	-3.9952	-1.7416	0.5701
-7.57103	-4.05398	-1.43487	0.357811	-7.3694	-4.003	-7.6069	-3.9656	-1.7234	0.6149
-7.66066	-4.07775	-1.67949	0.142385	-7.50466	-4.2135	-7.6926	-3.9337	-1.7041	0.6593
-7.76241	-4.02858	-1.73057	0.258171	-7.7872	-3.938	-7.7774	-3.8996	-1.6837	0.7034
-7.8534	-4.0046	-1.66432	0.328561	-8.12206	-4.04526	-7.8611	-3.8633	-1.6622	0.747
-7.97221	-3.97768	-1.7376	0.371884	-8.1318	-4.0008	-7.9437	-3.8249	-1.6397	0.7901
-8.07079	-3.8646	-1.56903	0.730782	-8.45039	-3.36141	-8.0251	-3.7843	-1.616	0.8328
-8.13181	-3.88119	-1.51608	0.586377	-8.1215	-3.9985	-8.1054	-3.7415	-1.5913	0.875
-8.22762	-3.78803	-1.59313	0.754319	-8.17294	-3.29942	-8.1843	-3.6967	-1.5655	0.9166
-8.32682	-3.6826	-1.65399	0.937649	-8.3298	-3.5324	-8.262	-3.6499	-1.5386	0.9576
-8.37989	-3.66258	-1.49799	0.892231	-8.26319	-3.8548	-8.3383	-3.6009	-1.5107	0.9979
-8.46287	-3.5697	-1.52835	1.02132	-8.4391	-3.4576	-8.4131	-3.55	-1.4818	1.0377
-8.53381	-3.50546	-1.39511	1.10415	-8.77275	-3.50387	-8.4865	-3.4971	-1.4519	1.0767
-8.59323	-3.43197	-1.38117	1.14787	-8.5169	-3.3734	-8.5583	-3.4423	-1.421	1.115
-8.67504	-3.34553	-1.38328	1.2411	-8.87268	-3.18051	-8.6286	-3.3856	-1.3892	1.1526
-8.70736	-3.3072	-1.30828	1.16453	-8.5459	-3.3194	-8.6973	-3.327	-1.3564	1.1895
-8.73719	-3.27155	-1.07651	1.14732	-8.66603	-3.46426	-8.7643	-3.2666	-1.3226	1.2255
-8.78711	-3.1822	-1.07775	1.23011	-8.7292	-3.102	-8.8296	-3.2045	-1.288	1.2607
-8.88389	-3.08934	-1.27668	1.29204	-9.21727	-2.89161	-8.8931	-3.1406	-1.2524	1.295
-8.95599	-3.06244	-1.28234	1.19551	-9.0418	-3.1592	-8.9548	-3.075	-1.216	1.3285
-8.99009	-3.01828	-1.17218	1.15915	-8.63356	-3.06657	-9.0147	-3.0077	-1.1788	1.361
-9.04003	-2.90587	-1.16931	1.30025	-8.9356	-2.7727	-9.0727	-2.9389	-1.1408	1.3927
-9.09175	-2.92647	-1.13947	1.06781	-9.24957	-3.63119	-9.1288	-2.8684	-1.1019	1.4234
-9.15797	-2.81804	-1.16846	1.21714	-9.1511	-2.7046	-9.1829	-2.7965	-1.0624	1.4531
-9.20978	-2.68358	-1.13348	1.42378	-8.91353	-2.10014	-9.235	-2.7232	-1.022	1.4818
-9.28435	-2.66094	-1.15563	1.30053	-9.4277	-2.785	-9.2851	-2.6484	-0.981	1.5095
-9.32435	-2.51551	-1.00006	1.54814	-9.11689	-1.90503	-9.3331	-2.5722	-0.9393	1.5361
-9.3511	-2.4962	-0.946791	1.38593	-9.2793	-2.6001	-9.379	-2.4948	-0.897	1.5618
-9.3696	-2.42178	-0.77277	1.42105	-9.17022	-2.3659	-9.4228	-2.4161	-0.854	1.5863
-9.39201	-2.28431	-0.755427	1.59386	-9.2464	-2.1292	-9.4644	-2.3362	-0.8105	1.6098
-9.444	-2.21257	-0.908508	1.54816	-9.34173	-2.24841	-9.5038	-2.2552	-0.7664	1.6321
-9.48537	-2.09295	-0.907679	1.6604	-9.4296	-2.0015	-9.541	-2.1731	-0.7218	1.6534
-9.53773	-2.05937	-0.889044	1.53255	-9.8787	-2.50028	-9.5759	-2.0899	-0.6767	1.6735
-9.59482	-2.01069	-0.907892	1.46046	-9.6844	-2.0772	-9.6086	-2.0058	-0.6311	1.6924
-9.62652	-1.92175	-0.762176	1.52362	-9.70105	-1.81839	-9.639	-1.9207	-0.5851	1.7103
-9.63458	-1.78176	-0.716839	1.68832	-9.4263	-1.6325	-9.6671	-1.8348	-0.5388	1.7269
-9.68618	-1.65277	-0.708883	1.82014	-10.0305	-1.3368	-9.6929	-1.7481	-0.492	1.7424
-9.73616	-1.61071	-0.72968	1.69111	-9.8459	-1.7172	-9.7163	-1.6607	-0.445	1.7568
-9.72967	-1.48436	-0.391149	1.83384	-9.60728	-1.15447	-9.7373	-1.5726	-0.3977	1.7699
-9.76692	-1.45407	-0.417386	1.67126	-9.8977	-1.5845	-9.756	-1.4838	-0.3501	1.7819
-9.75213	-1.37191	-0.198563	1.68006	-9.51784	-1.36062	-9.7723	-1.3945	-0.3023	1.7927
-9.78014	-1.30397	-0.229191	1.64001	-9.8885	-1.3437	-9.7862	-1.3047	-0.2543	1.8023
-9.74583	-1.25729	0.111079	1.56363	-9.6717	-1.51413	-9.7977	-1.2144	-0.2062	1.8107
-9.73816	-1.14159	0.112796	1.66505	-9.7111	-1.068	-9.8068	-1.1237	-0.1579	1.8179
-9.73961	-1.03257	0.150518	1.74189	-10.0121	-0.848974	-9.8135	-1.0327	-0.1096	1.8239
-9.75182	-0.932234	0.115557	1.78114	-9.8579	-0.9135	-9.8178	-0.9415	-0.0612	1.8288
-9.76879	-0.879528	0.104892	1.68677	-10.3633	-1.19908	-9.8196	-0.85	-0.0129	1.8324
-9.77446	-0.792623	0.085845	1.69534	-9.8351	-0.7907	-9.8191	-0.7584	0.0355	1.835
-9.77066	-0.697447	0.0479301	1.72182	-9.6542	-0.618642	-9.8161	-0.6667	0.0838	1.8363
-9.77037	-0.536857	0.0441965	1.9251	-9.7663	-0.3948	-9.8107	-0.5749	0.132	1.8365
-9.78536	-0.42255	0.0214245	1.97696	-10.1515	-0.291354	-9.8029	-0.4832	0.1801	1.8355
-9.77998	-0.275432	0.0304193	2.1082	-9.7495	-0.1828	-9.7927	-0.3916	0.228	1.8334
-9.80486	-0.180042	0.0690068	2.08281	-10.6245	-0.251771	-9.7801	-0.3	0.2758	1.8302
-9.80634	-0.101733	0.058699	2.01266	-9.8349	-0.1511	-9.7652	-0.2087	0.3233	1.8258
-9.80565	-0.00933881	0.0141395	1.99071	-9.72548	-0.0787057	-9.7478	-0.1176	0.3706	1.8204
-9.74823	0.000438106	0.104798	1.7423	-9.4235	-0.1736	-9.7282	-0.0269	0.4175	1.8138
-9.7229	0.0616253	0.320402	1.6657	-9.87346	-0.10276	-9.7061	0.0635	0.4642	1.8062
-9.68479	0.206929	0.364065	1.83391	-9.5672	0.3227	-9.6818	0.1536	0.5105	1.7976
-9.66706	0.303565	0.459204	1.8432	-9.98033	0.370366	-9.6551	0.2431	0.5565	1.7879
-9.58888	0.352949	0.550563	1.72442	-9.2702	0.2611	-9.6262	0.3321	0.6021	1.7772
-9.55167	0.418334	0.568489	1.66654	-9.34471	0.266327	-9.595	0.4206	0.6472	1.7655
-9.4818	0.579361	0.649763	1.87786	-9.2672	0.7194	-9.5616	0.5085	0.6919	1.7529
-9.42987	0.645738	0.702895	1.8	-9.06958	0.449245	-9.5259	0.5957	0.7361	1.7393
-9.42158	0.7398	0.656751	1.81103	-9.5736	0.7562	-9.488	0.6822	0.7798	1.7247
-9.3786	0.872169	0.782855	1.91609	-9.53477	1.20965	-9.448	0.768	0.823	1.7093
-9.38096	1.01524	0.718426	2.04425	-9.6316	1.1244	-9.4058	0.8529	0.8657	1.693
-9.32164	1.02943	1.08917	1.75555	-9.77015	0.549589	-9.3616	0.9371	0.9077	1.6758
-9.28344	1.04967	1.04681	1.57069	-9.3417	0.9225	-9.3152	1.0203	0.9492	1.6578
-9.22951	1.17108	1.02982	1.6926	-9.18212	1.45443	-9.2668	1.1026	0.9901	1.639
-9.20317	1.16394	0.967335	1.44087	-9.2944	0.9922	-9.2163	1.184	1.0303	1.6194
-9.14941	1.26254	1.11941	1.49425	-9.52078	1.52662	-9.1639	1.2644	1.0699	1.5991
-9.0919	1.40805	1.1365	1.68758	-9.1237	1.5512	-9.1095	1.3437	1.1089	1.5781
-9.0222	1.52212	1.22327	1.75998	-9.00406	1.74186	-9.0531	1.422	1.1471	1.5564
-9.01078	1.5846	1.12953	1.68607	-9.2693	1.5637	-8.9949	1.4992	1.1847	1.534
-8.97274	1.63622	1.00339	1.61145	-8.99114	1.38641	-8.9348	1.5752	1.2215	1.511
-8.93534	1.75609	0.991118	1.71673	-9.0336	1.8479	-8.8729	1.6501	1.2576	1.4874
-8.87476	1.80767	1.12179	1.59772	-8.9286	1.63297	-8.8092	1.7237	1.293	1.4632
-8.80411	1.8061	1.12448	1.379	-8.6606	1.6203	-8.7438	1.7962	1.3277	1.4385
-8.75063	1.83704	1.20571	1.25276	-8.98834	1.6504	-8.6766	1.8674	1.3616	1.4133
-8.72706	1.85006	1.12618	1.11305	-8.8858	1.7728	-8.6078	1.9373	1.3948	1.3877
-8.65181	1.88567	1.28222	1.03182	-8.60788	1.7879	-8.5374	2.006	1.4271	1.3615
-8.58465	2.01299	1.30871	1.23787	-8.6325	2.1761	-8.4653	2.0733	1.4587	1.335
-8.48818	2.12114	1.4958	1.33935	-8.39071	2.44363	-8.3917	2.1393	1.4896	1.3081
-8.40882	2.24832	1.52207	1.50315	-8.4379	2.3781	-8.3165	2.204	1.5196	1.2809
-8.3233	2.32473	1.59721	1.49139	-8.32179	2.3605	-8.2399	2.2672	1.5489	1.2533
-8.24238	2.33777	1.57793	1.32603	-8.1771	2.1961	-8.1619	2.3291	1.5774	1.2255
-8.13864	2.43526	1.7264	1.38756	-8.06382	2.65163	-8.0824	2.3896	1.6051	1.1974
-8.06961	2.44516	1.67328	1.22412	-8.1004	2.3237	-8.0016	2.4487	1.632	1.1691
-8.01675	2.49945	1.41466	1.26375	-7.95865	2.35758	-7.9194	2.5064	1.6582	1.1406
-7.92756	2.56068	1.44776	1.26276	-7.828	2.536	-7.836	2.5626	1.6835	1.1119
-7.82449	2.6667	1.54042	1.3794	-7.49247	2.84153	-7.7513	2.6175	1.7081	1.0831
-7.79778	2.66562	1.42002	1.1795	-7.9819	2.5509	-7.6654	2.6708	1.7319	1.0543
-7.66346	2.69526	1.81916	1.00952	-7.23163	2.54502	-7.5783	2.7228	1.755	1.0253
-7.53915	2.75151	1.88334	1.03364	-7.3726	2.7267	-7.4901	2.7732	1.7772	0.9964
-7.40895	2.87471	1.85836	1.28374	-6.72291	2.99657	-7.4008	2.8223	1.7988	0.9674
-7.31486	2.89047	1.83978	1.15508	-7.2497	2.7645	-7.3105	2.8699	1.8196	0.9384
-7.20488	2.95578	2.0437	1.1098	-7.42912	3.15757	-7.2191	2.916	1.8396	0.9095
-7.13311	2.95254	1.95917	0.945105	-7.2133	2.8353	-7.1268	2.9607	1.8589	0.8807
-7.02189	2.97034	2.03877	0.84079	-6.81775	2.78171	-7.0335	3.004	1.8775	0.852
-6.96026	2.96393	1.93892	0.69993	-7.1	2.8847	-6.9392	3.0458	1.8954	0.8235
-6.87044	2.98729	1.86107	0.692914	-6.74423	2.85772	-6.8441	3.0863	1.9126	0.7951
-6.775	3.02797	1.86852	0.709696	-6.7711	3.0416	-6.7482	3.1253	1.9291	0.7669
-6.68434	3.08212	1.73368	0.823875	-6.41903	3.01797	-6.6515	3.1629	1.945	0.7389
-6.59815	3.10994	1.72614	0.788299	-6.5824	3.0725	-6.5539	3.1991	1.9601	0.7111
-6.50152	3.16332	1.80855	0.801582	-6.58131	3.29596	-6.4557	3.2339	1.9747	0.6837
-6.37744	3.1779	1.86097	0.746399	-6.176	3.0568	-6.3567	3.2674	1.9886	0.6565
-6.27075	3.24221	1.90389	0.821761	-6.22147	3.36168	-6.257	3.2995	2.0019	0.6296
-6.13935	3.30842	1.98862	0.901256	-5.9982	3.3325	-6.1567	3.3303	2.0146	0.6031
-6.02888	3.38889	1.95952	1.03898	-5.87221	3.45557	-6.0558	3.3598	2.0267	0.5769
-5.98965	3.38927	1.81221	0.88187	-6.1967	3.3142	-5.9543	3.3879	2.0382	0.5511
-5.88664	3.42286	1.84551	0.851189	-5.64942	3.27371	-5.8522	3.4148	2.0492	0.5257
-5.82258	3.51366	1.81657	0.96401	-6.0278	3.7104	-5.7496	3.4405	2.0596	0.5007
-5.69988	3.53284	2.07968	0.764671	-5.6356	3.49639	-5.6464	3.4649	2.0695	0.4762
-5.57958	3.57004	2.11275	0.769016	-5.5021	3.5418	-5.5428	3.488	2.0789	0.4521
-5.44931	3.59905	2.24691	0.695466	-5.26697	3.51885	-5.4388	3.51	2.0878	0.4285
-5.33504	3.58407	2.21944	0.570104	-5.2496	3.4106	-5.3342	3.5309	2.0962	0.4054
-5.24219	3.56001	2.28205	0.332385	-5.5074	3.52613	-5.2293	3.5505	2.1042	0.3828
-5.16858	3.57778	2.19679	0.316851	-5.3527	3.6445	-5.124	3.5691	2.1117	0.3607
-5.09917	3.59334	1.94062	0.420733	-5.1661	3.51836	-5.0183	3.5866	2.1188	0.3392
-5.01021	3.55314	1.883	0.262295	-4.9516	3.3434	-4.9123	3.603	2.1255	0.3182
-4.86782	3.62108	1.97842	0.457423	-4.49445	3.62478	-4.806	3.6184	2.1318	0.2978
-4.79021	3.65637	1.94088	0.478566	-4.9038	3.7349	-4.6993	3.6328	2.1377	0.278
-4.6376	3.69076	2.22937	0.403398	-4.4443	3.73726	-4.5924	3.6462	2.1432	0.2588
-4.52231	3.75476	2.26789	0.514791	-4.5727	3.9151	-4.4851	3.6587	2.1484	0.2402
-4.37987	3.80615	2.40096	0.54861	-4.36672	3.96877	-4.3777	3.6702	2.1533	0.2223
-4.3235	3.79935	2.23223	0.432919	-4.544	3.7613	-4.27	3.6809	2.1578	0.2049
-4.2441	3.7672	2.16258	0.245385	-4.30456	3.58388	-4.162	3.6907	2.162	0.1882
-4.14451	3.7601	2.12857	0.194243	-4.1511	3.694	-4.0539	3.6997	2.1659	0.1722
-4.02175	3.78185	2.24923	0.161264	-4.15593	4.00409	-3.9456	3.708	2.1696	0.1569
-3.86627	3.79077	2.35037	0.186023	-3.6895	3.7306	-3.8371	3.7154	2.173	0.1422
-3.72697	3.85883	2.32344	0.465794	-3.62679	3.95208	-3.7284	3.7222	2.1761	0.1282
-3.61954	3.8067	2.24497	0.282272	-3.5465	3.4933	-3.6196	3.7283	2.179	0.1149
-3.5032	3.75526	2.24674	0.0836208	-2.97222	3.06088	-3.5106	3.7337	2.1817	0.1022
-3.41014	3.76219	2.20155	0.0798192	-3.4912	3.8013	-3.4015	3.7385	2.1841	0.0903
-3.33902	3.72091	2.13527	-0.122681	-3.52846	3.71982	-3.2923	3.7427	2.1863	0.0791
-3.24652	3.72544	2.10802	-0.105687	-3.3173	3.7934	-3.183	3.7464	2.1883	0.0687
-3.17482	3.73352	2.00923	-0.0637528	-3.55767	4.11237	-3.0735	3.7496	2.1902	0.0589
-3.06448	3.74963	2.04964	-0.0137535	-3.0502	3.8273	-2.964	3.7523	2.1918	0.0499
-2.99777	3.69976	2.05966	-0.327987	-3.32664	3.90491	-2.8544	3.7546	2.1933	0.0416
-2.92284	3.6661	1.97316	-0.38288	-3.0116	3.6181	-2.7448	3.7565	2.1946	0.0341
-2.75013	3.72491	2.10684	-0.00633888	-2.42853	3.64989	-2.635	3.7581	2.1958	0.0273
-2.63882	3.69654	2.09991	-0.0667143	-2.5825	3.5536	-2.5252	3.7593	2.1968	0.0212
-2.49895	3.72643	2.17567	0.0913494	-2.37614	3.70953	-2.4154	3.7602	2.1977	0.0159
-2.39119	3.7093	2.15539	0.0428337	-2.3717	3.6026	-2.3055	3.7609	2.1984	0.0114
-2.25961	3.74972	2.20784	0.210118	-2.27261	3.92354	-2.1956	3.7614	2.199	0.0076
-2.13858	3.76201	2.23908	0.219377	-2.0991	3.7607	-2.0856	3.7617	2.1994	0.0046
-2.04746	3.75457	2.17242	0.157595	-2.05157	3.65223	-1.9757	3.7618	2.1997	0.0023
-1.85991	3.79549	2.42742	0.262544	-1.5868	3.901	-1.8657	3.7619	2.1999	0.0008
-1.68847	3.82608	2.59424	0.30397	-1.57327	3.82628	-1.7557	3.7619	2.2	-0
