8.46292	0.243462	1	1	8.46292	0.243462	8.6	0.25	-3.00029	0
8.51288	0.293435	0.998573	0.999076	8.44818	0.251553	8.45	0.25	-3.00027	0
8.54543	0.342409	0.649767	0.979676	8.56759	0.241943	8.45	0.25	0	0
8.57637	0.388879	0.633266	0.95324	8.45582	0.253997	8.45	0.25	0	0
8.50413	0.430312	-0.555293	0.851468	8.42544	0.254042	8.35	0.25	-1.81979	0
8.46403	0.457154	-0.611486	0.733354	8.23962	0.24916	8.25	0.25	-1.81978	0
8.24204	0.459769	-2.24027	0.522974	7.93286	0.188391	8.05	0.2	-3.99976	-0.99994
8.11181	0.426807	-2.31257	0.267966	7.84073	0.159858	7.85	0.15	-3.99972	-0.99993
7.93243	0.405622	-2.78091	0.121791	7.61269	0.155818	7.7	0.15	-2.99982	0
7.77215	0.347635	-2.84546	-0.101634	7.54016	0.159641	7.55	0.15	-2.99982	0
7.67444	0.304174	-2.37207	-0.210725	7.50815	0.0953827	7.45	0.100001	-1.8165	-0.908239
7.52308	0.214042	-2.42576	-0.44918	7.3426	0.0345312	7.35	0.0500011	-1.81648	-0.90823
7.36137	0.15663	-2.61975	-0.548102	7.20598	0.00492725	7.2	9.49949e-07	-2.72851	-0.909507
7.19684	0.068856	-2.66769	-0.712532	7.05406	-0.0533413	7.05	-0.0499992	-2.72849	-0.909499
7.10277	-0.0124763	-2.17148	-0.83295	6.74585	-0.143185	6.95	-0.15	-1.81898	-1.81898
6.96448	-0.123463	-2.21367	-1.016	6.84972	-0.258748	6.85	-0.25	-1.81896	-1.81897
6.85589	-0.213131	-2.14755	-1.12835	6.66966	-0.346668	6.75	-0.349999	-2.00076	-2.00075
6.73234	-0.330196	-2.18358	-1.29992	6.64329	-0.462604	6.65	-0.449999	-2.00076	-2.00075
6.69628	-0.447759	-1.56583	-1.48526	6.60862	-0.557035	6.6	-0.549999	-0.998836	-1.99769
6.60807	-0.561603	-1.58932	-1.59831	6.56029	-0.650892	6.55	-0.65	-0.99884	-1.99769
6.57351	-0.712847	-1.08706	-1.82766	6.40696	-0.842921	6.5	-0.85	-0.908747	-3.63498
6.50106	-0.887818	-1.12527	-2.04234	6.45805	-1.05268	6.45	-1.05	-0.908739	-3.63494
6.40734	-1.02445	-1.36838	-2.08378	6.38626	-1.15695	6.35	-1.15	-1.81897	-1.81898
6.3168	-1.17514	-1.40708	-2.18936	6.25499	-1.25007	6.25	-1.25	-1.81896	-1.81896
6.39278	-1.40481	-0.105505	-2.72821	6.43125	-1.48148	6.3	-1.45	0.909739	-3.63894
6.37961	-1.58655	-0.130729	-2.82029	6.36328	-1.65656	6.35	-1.65	0.909727	-3.63891
6.32299	-1.71997	-0.537065	-2.71171	6.3228	-1.81431	6.3	-1.8	-0.999494	-2.9985
6.28387	-1.88548	-0.57303	-2.79861	6.24641	-1.95075	6.25	-1.95	-0.999489	-2.99847
6.32594	-2.08793	0.0558514	-3.14754	6.31851	-2.10969	6.3	-2.1	0.999984	-2.99994
6.3321	-2.2425	0.063484	-3.13888	6.34644	-2.23829	6.35	-2.25	0.999979	-2.99994
6.32039	-2.40116	-0.0765283	-3.05472	6.32593	-2.40018	6.35	-2.4	0	-2.72613
6.32314	-2.56238	-0.0594485	-3.03405	6.34927	-2.55175	6.35	-2.55	0	-2.72611
6.36476	-2.74954	0.294708	-3.20488	6.43125	-2.71878	6.4	-2.7	0.909499	-2.72851
6.39591	-2.89841	0.339435	-3.12669	6.43257	-2.84245	6.45	-2.85	0.909503	-2.72851
6.40865	-3.03468	0.258347	-3.03094	6.46536	-3.00452	6.45	-3	0	-2.99754
6.42772	-3.17476	0.277268	-2.9981	6.44119	-3.14955	6.45	-3.15	0	-2.99754
6.47728	-3.35437	0.543143	-3.1389	6.52249	-3.32007	6.5	-3.3	0.910402	-2.7312
6.51966	-3.50435	0.581416	-3.07581	6.5453	-3.45745	6.55	-3.45	0.910402	-2.7312
6.59558	-3.68455	0.911227	-3.2336	6.6358	-3.59197	6.65	-3.6	1.81722	-2.72583
6.67768	-3.82288	0.999403	-3.12003	6.76011	-3.75457	6.75	-3.75	1.81721	-2.72581
6.73356	-3.96992	0.929469	-3.00263	6.83625	-3.92723	6.8	-3.9	0.907988	-2.72396
6.80708	-4.10693	0.991628	-2.92217	6.85997	-4.05805	6.85	-4.05	0.907976	-2.72393
6.86008	-4.25049	0.949148	-2.84738	6.86943	-4.18507	6.9	-4.2	0.909334	-2.72801
6.92433	-4.38639	0.985771	-2.79064	6.94332	-4.34473	6.95	-4.35	0.90933	-2.72799
6.95563	-4.50362	0.728548	-2.55456	7.05156	-4.49706	7	-4.45	0.910054	-1.8201
7.01398	-4.61281	0.784053	-2.46969	7.04099	-4.55018	7.05	-4.55	0.910054	-1.8201
7.07405	-4.74615	0.890637	-2.50432	7.10252	-4.67934	7.1	-4.7	0.908302	-2.72489
7.13064	-4.87523	0.911221	-2.47963	7.14735	-4.86125	7.15	-4.85	0.908297	-2.72489
7.23048	-5.04581	1.29306	-2.75521	7.3138	-5.05204	7.25	-5	1.81907	-2.72861
7.30615	-5.18447	1.30973	-2.72202	7.30424	-5.15404	7.35	-5.15	1.81907	-2.72861
7.36576	-5.31787	1.21934	-2.63298	7.29446	-5.23429	7.4	-5.3	0.908194	-2.7246
7.43722	-5.45863	1.23071	-2.62102	7.44737	-5.45308	7.45	-5.45	0.90819	-2.72457
7.51361	-5.59841	1.24532	-2.60216	7.63082	-5.61863	7.55	-5.55	1.81974	-1.81974
7.60395	-5.71386	1.3064	-2.52697	7.64356	-5.66706	7.65	-5.65	1.81972	-1.81972
7.66677	-5.83833	1.24267	-2.45553	7.60376	-5.74774	7.7	-5.8	0.90983	-2.72951
7.73679	-5.96769	1.2493	-2.4415	7.7342	-5.95374	7.75	-5.95	0.909826	-2.72948
7.84986	-6.13143	1.68102	-2.79328	7.82165	-6.06822	7.85	-6.1	1.9986	-2.9979
7.94217	-6.2611	1.70374	-2.76591	7.95703	-6.24328	7.95	-6.25	1.99858	-2.99787
8.02239	-6.39055	1.52075	-2.58331	8.17338	-6.44684	8.05	-6.35	1.81738	-1.81739
8.12698	-6.50471	1.57982	-2.50864	8.15891	-6.45335	8.15	-6.45	1.81737	-1.81737
8.19534	-6.62408	1.45799	-2.39786	8.08628	-6.51855	8.2	-6.6	0.909293	-2.72787
8.27103	-6.75584	1.44848	-2.39956	8.25411	-6.74791	8.25	-6.75	0.909293	-2.72787
8.34987	-6.88433	1.47118	-2.41078	8.25648	-6.78122	8.35	-6.85	1.81994	-1.81993
8.4405	-6.99831	1.5014	-2.36364	8.44494	-6.95805	8.45	-6.95	1.81993	-1.81993
8.50527	-7.10786	1.45445	-2.3234	8.39359	-7.01743	8.5	-7.1	1.00006	-3.00018
8.56879	-7.2327	1.43047	-2.34749	8.54925	-7.24433	8.55	-7.25	1.00006	-3.00018
8.67434	-7.3867	1.73339	-2.63082	8.64403	-7.39047	8.65	-7.4	1.99807	-2.99712
8.75239	-7.52754	1.71018	-2.65572	8.73559	-7.5421	8.75	-7.55	1.99808	-2.99712
8.80656	-7.6359	1.34594	-2.32607	8.87176	-7.71912	8.8	-7.65	0.909955	-1.8199
8.87258	-7.76503	1.32819	-2.33249	8.84538	-7.75497	8.85	-7.75	0.909946	-1.81988
8.94619	-7.89419	1.41664	-2.42846	8.88333	-7.88636	8.9	-7.9	0.999086	-2.9973
9.00031	-8.02798	1.37452	-2.4637	8.95966	-8.0381	8.95	-8.05	0.999095	-2.9973
9.03224	-8.12411	1.06459	-2.17988	8.8564	-8.01424	9	-8.15	0.909309	-1.8186
9.08265	-8.24724	1.04534	-2.19072	9.05896	-8.24314	9.05	-8.25	0.909301	-1.81859
9.15767	-8.38662	1.23945	-2.3959	9.17781	-8.47056	9.1	-8.4	1.0004	-3.00119
9.19808	-8.52508	1.18359	-2.44733	9.15332	-8.54857	9.15	-8.55	1.00038	-3.00117
9.23616	-8.63573	0.957445	-2.23593	9.22922	-8.6898	9.2	-8.65	0.909508	-1.819
9.27623	-8.76627	0.926308	-2.25829	9.24541	-8.76863	9.25	-8.75	0.9095	-1.81899
9.40534	-8.9759	1.65302	-3.01083	9.37748	-9.00609	9.35	-8.95	1.99965	-3.99928
9.47434	-9.13823	1.61744	-3.04287	9.44703	-9.15328	9.45	-9.15	1.99964	-3.99928
9.51182	-9.24297	1.24776	-2.66239	9.50096	-9.25642	9.5	-9.25	0.999584	-1.99917
9.56834	-9.37327	1.23639	-2.65878	9.54157	-9.35195	9.55	-9.35	0.999584	-1.99917
9.60352	-9.4824	1.05408	-2.48231	9.47534	-9.42627	9.55	-9.5	0	-3.00023
9.62305	-9.62973	0.970144	-2.5478	9.54779	-9.64959	9.55	-9.65	0	-3.0002
9.68478	-9.77953	1.08446	-2.68982	9.69942	-9.88416	9.6	-9.8	0.999005	-2.997
9.71232	-9.92957	1.01824	-2.73508	9.64606	-9.9341	9.65	-9.95	0.998995	-2.997
9.73405	-10.0434	0.76485	-2.4655	9.60087	-9.96395	9.7	-10.05	0.909855	-1.81969
9.77011	-10.1728	0.754317	-2.45452	9.73801	-10.1396	9.75	-10.15	0.909847	-1.81969
9.81467	-10.3065	0.776889	-2.48909	9.92627	-10.4745	9.75	-10.3	0	-3.00065
9.82188	-10.453	0.69613	-2.55017	9.75524	-10.4732	9.75	-10.45	0	-3.00063
9.86366	-10.6036	0.779717	-2.65932	9.71825	-10.5087	9.8	-10.6	0.90817	-2.72451
9.89042	-10.7572	0.740119	-2.68131	9.85048	-10.7526	9.85	-10.75	0.908161	-2.72448
9.90765	-10.8801	0.545714	-2.46753	9.88465	-10.9383	9.85	-10.9	0	-2.73074
9.90524	-11.0343	0.464222	-2.52054	9.83614	-11.041	9.85	-11.05	0	-2.73073
9.92647	-11.1654	0.47967	-2.55815	9.83952	-11.1692	9.85	-11.2	0	-2.99965
9.91403	-11.3198	0.385357	-2.62952	9.84568	-11.3496	9.85	-11.35	0	-2.99961
9.93054	-11.4585	0.380838	-2.65228	9.87961	-11.5637	9.85	-11.5	0	-2.99843
9.91157	-11.6144	0.284225	-2.71708	9.83206	-11.6307	9.85	-11.65	0	-2.99843
9.87687	-11.6899	-0.144455	-2.19071	9.85311	-11.8523	9.8	-11.75	-1.0003	-2.00061
9.83015	-11.8239	-0.245425	-2.25841	9.74928	-11.8442	9.75	-11.85	-1.00029	-2.00059
9.81743	-11.9482	-0.20508	-2.341	9.69694	-11.9706	9.7	-12	-1.0004	-3.00119
9.75351	-12.1028	-0.344946	-2.44108	9.65354	-12.1497	9.65	-12.15	-1.00039	-3.00116
9.7148	-12.2004	-0.545566	-2.18905	9.72311	-12.3964	9.6	-12.25	-0.999885	-1.99981
9.64291	-12.3342	-0.65914	-2.2573	9.54859	-12.3478	9.55	-12.35	-0.999884	-1.99979
9.57005	-12.3959	-0.962853	-1.85347	9.39039	-12.3902	9.45	-12.45	-1.99803	-1.99805
9.46777	-12.5207	-1.10244	-1.9405	9.36086	-12.5501	9.35	-12.55	-1.99804	-1.99804
9.40401	-12.6324	-1.10918	-1.95648	9.34456	-12.7106	9.3	-12.65	-0.909773	-1.81953
9.30327	-12.7587	-1.21036	-2.0094	9.22134	-12.7613	9.25	-12.75	-0.909773	-1.81954
9.19256	-12.7819	-1.6662	-1.33418	9.15326	-13.0031	9.05	-12.85	-3.99257	-1.99629
9.01559	-12.9017	-1.90905	-1.47637	8.84161	-12.9519	8.85	-12.95	-3.99253	-1.99627
8.88989	-12.9598	-2.04195	-1.29597	8.71632	-12.9613	8.75	-13	-1.8213	-0.910651
8.74	-13.0463	-2.13808	-1.34004	8.66358	-13.0431	8.65	-13.05	-1.8213	-0.910651
8.61008	-13.0765	-2.33484	-1.0239	8.54518	-13.1702	8.5	-13.1	-2.997	-0.999005
8.44711	-13.1483	-2.4535	-1.081	8.35763	-13.1557	8.35	-13.15	-2.997	-0.998995
8.28297	-13.1462	-2.72329	-0.593015	8.22926	-13.1698	8.2	-13.15	-2.72741	0
8.10403	-13.183	-2.795	-0.610649	8.03583	-13.1513	8.05	-13.15	-2.72742	0
7.93497	-13.1849	-2.90499	-0.403717	7.82914	-13.0525	7.9	-13.15	-2.72986	0
7.77639	-13.1987	-2.89897	-0.386756	7.76538	-13.1647	7.75	-13.15	-2.72986	0
7.64591	-13.2574	-2.75977	-0.67747	7.66146	-13.3079	7.6	-13.2	-2.9979	-0.999304
7.49172	-13.2887	-2.79752	-0.677899	7.44786	-13.2517	7.45	-13.25	-2.9979	-0.999304
7.31803	-13.2755	-2.95592	-0.335808	7.21108	-13.0985	7.3	-13.25	-2.72846	0
7.16255	-13.2817	-2.93364	-0.309792	7.16011	-13.2382	7.15	-13.25	-2.72844	0
6.98671	-13.2115	-3.19013	0.28596	6.88472	-12.9588	7	-13.2	-2.99784	0.999284
6.83895	-13.1854	-3.15605	0.312051	6.84891	-13.1493	6.85	-13.15	-2.99784	0.999284
6.66594	-13.1532	-3.20365	0.455133	6.77424	-13.2337	6.7	-13.1	-2.72787	0.909275
6.51898	-13.1096	-3.12425	0.49912	6.55759	-13.0679	6.55	-13.05	-2.72787	0.909284
6.36028	-13.1132	-3.00946	0.240247	6.40137	-13.0799	6.4	-13.05	-2.72678	0
6.22273	-13.0845	-2.93406	0.277658	6.26174	-13.0534	6.25	-13.05	-2.72678	0
6.058	-13.0435	-2.99604	0.468617	6.10143	-13.0076	6.1	-13	-2.72966	0.909888
5.91684	-12.9997	-2.93067	0.509273	5.94198	-12.9494	5.95	-12.95	-2.72963	0.90988
5.74824	-12.8791	-3.18945	1.2493	5.79854	-12.8478	5.8	-12.85	-2.99777	1.99851
5.61722	-12.796	-3.10993	1.29544	5.65107	-12.7365	5.65	-12.75	-2.99778	1.99852
5.46276	-12.7585	-2.96824	0.962017	5.50547	-12.5721	5.55	-12.7	-1.81798	0.908995
5.35373	-12.684	-2.82419	1.01651	5.43839	-12.652	5.45	-12.65	-1.81799	0.908995
5.19227	-12.5714	-2.9431	1.43714	5.27506	-12.4782	5.3	-12.55	-2.72627	1.81753
5.06875	-12.4798	-2.84187	1.47016	5.1307	-12.4684	5.15	-12.45	-2.72625	1.8175
4.92324	-12.3994	-2.8083	1.45495	5.04446	-12.3808	5.05	-12.35	-1.8199	1.81989
4.83324	-12.2938	-2.63662	1.51856	4.92985	-12.2499	4.95	-12.25	-1.81991	1.8199
4.70207	-12.1849	-2.67118	1.71097	4.75061	-11.9803	4.85	-12.15	-1.99928	1.99929
4.63888	-12.0796	-2.48574	1.76514	4.75915	-12.0666	4.75	-12.05	-1.99928	1.99928
4.51236	-11.9573	-2.49693	1.94302	4.69113	-11.9084	4.7	-11.9	-0.908236	2.72471
4.47998	-11.8113	-2.21624	2.04124	4.64378	-11.7442	4.65	-11.75	-0.908231	2.7247
4.39013	-11.7295	-2.05345	1.74289	4.59746	-11.6205	4.6	-11.65	-0.909847	1.81971
4.38116	-11.6026	-1.77849	1.82694	4.54975	-11.5706	4.55	-11.55	-0.909843	1.81969
4.272	-11.39	-2.06391	2.79838	4.47442	-11.3673	4.5	-11.35	-1.0008	4.0032
4.27195	-11.2132	-1.7886	2.8945	4.44059	-11.1496	4.45	-11.15	-1.0008	4.00321
4.22811	-11.1319	-1.46097	2.19341	4.43713	-11.024	4.45	-11.05	0	1.81614
4.26191	-10.9748	-1.15769	2.29334	4.45136	-10.93	4.45	-10.95	0	1.81612
4.22002	-10.8367	-1.11036	2.35599	4.44745	-10.786	4.45	-10.8	0	2.72555
4.27033	-10.6739	-0.815822	2.45133	4.45788	-10.6457	4.45	-10.65	0	2.72554
4.24934	-10.5412	-0.744197	2.42763	4.46329	-10.5756	4.45	-10.5	0	2.729
4.29621	-10.3773	-0.511104	2.51356	4.44057	-10.3382	4.45	-10.35	0	2.72898
4.29972	-10.2477	-0.393093	2.41359	4.51895	-10.2367	4.5	-10.2	0.908962	2.72687
4.37913	-10.0804	-0.125587	2.51407	4.54925	-10.0439	4.55	-10.05	0.908954	2.72685
4.40117	-9.94438	-0.0340008	2.47966	4.63224	-9.9707	4.6	-9.9	0.909756	2.72927
4.48683	-9.77763	0.197088	2.57062	4.63755	-9.74952	4.65	-9.75	0.909752	2.72926
4.51118	-9.61662	0.222735	2.64692	4.60757	-9.4335	4.7	-9.6	0.90859	2.72578
4.60044	-9.45063	0.422733	2.7171	4.74589	-9.4609	4.75	-9.45	0.908586	2.72576
4.67104	-9.33075	0.646391	2.45717	4.89179	-9.39473	4.85	-9.3	1.81967	2.72952
4.79268	-9.16329	0.872427	2.5577	4.94849	-9.13867	4.95	-9.15	1.81967	2.72951
4.87404	-9.05623	1.08004	2.31844	4.95209	-8.96272	5	-9.05	0.999884	1.99977
4.9633	-8.9326	1.16958	2.3506	5.04121	-8.94979	5.05	-8.95	0.999874	1.99974
5.04802	-8.80896	1.24189	2.3094	5.20806	-8.88942	5.15	-8.8	1.81805	2.72708
5.16875	-8.65828	1.37915	2.3825	5.26887	-8.63564	5.25	-8.65	1.81803	2.72705
5.27774	-8.56416	1.60684	2.13689	5.3785	-8.56768	5.35	-8.55	1.99956	1.99957
5.38813	-8.44269	1.68515	2.18228	5.44864	-8.42738	5.45	-8.45	1.99954	1.99954
5.49081	-8.33421	1.73538	2.11983	5.56465	-8.44845	5.5	-8.35	0.909045	1.81807
5.5695	-8.22797	1.69116	2.08947	5.53862	-8.24357	5.55	-8.25	0.909045	1.81808
5.66447	-8.10701	1.69861	2.10249	5.64921	-8.02513	5.7	-8.1	2.72608	2.72608
5.78897	-7.97396	1.77923	2.1557	5.85094	-7.95601	5.85	-7.95	2.72606	2.72606
5.90307	-7.8617	1.87412	2.07671	5.93492	-7.84119	5.95	-7.85	1.81801	1.81801
6.02296	-7.73922	1.9169	2.10359	6.05986	-7.73559	6.05	-7.75	1.81802	1.81801
6.13263	-7.62675	1.94547	2.0754	6.13741	-7.63243	6.15	-7.65	1.81798	1.81798
6.24134	-7.51852	1.94718	2.06356	6.25659	-7.54336	6.25	-7.55	1.81798	1.81798
6.35869	-7.41469	2.01448	1.99644	6.39143	-7.46358	6.35	-7.45	1.82027	1.82027
6.45848	-7.32193	1.98299	1.95315	6.452	-7.36418	6.45	-7.35	1.82025	1.82025
6.58974	-7.24065	2.2416	1.73438	6.47916	-7.09783	6.6	-7.25	2.99862	1.99908
6.71681	-7.14655	2.27822	1.75964	6.7556	-7.14598	6.75	-7.15	2.99862	1.99908
6.79379	-7.02076	1.95928	2.01201	6.68682	-6.93297	6.8	-7.05	0.908005	1.816
6.88794	-6.92372	1.92313	1.97311	6.86356	-6.94732	6.85	-6.95	0.908	1.81601
7.03481	-6.84478	2.21904	1.72898	7.08741	-6.92602	7	-6.85	2.72856	1.81904
7.15667	-6.75016	2.21859	1.72793	7.15695	-6.75136	7.15	-6.75	2.72854	1.81902
7.25077	-6.64119	1.99907	1.88737	7.29976	-6.68807	7.25	-6.65	1.8202	1.8202
7.35685	-6.54453	1.98819	1.86902	7.35505	-6.56058	7.35	-6.55	1.82018	1.82018
7.52897	-6.49428	2.53438	1.47588	7.53544	-6.5372	7.5	-6.5	2.99964	0.999884
7.65166	-6.43254	2.52088	1.44571	7.65664	-6.46417	7.65	-6.45	2.99964	0.999884
7.772	-6.3514	2.42398	1.48375	7.67559	-6.34628	7.75	-6.4	1.81709	0.908549
7.88387	-6.30065	2.36645	1.39895	7.85193	-6.35845	7.85	-6.35	1.81709	0.908545
8.01052	-6.22739	2.34096	1.40093	8.03231	-6.28406	8	-6.25	2.72931	1.81954
8.13923	-6.14922	2.34151	1.40374	8.13749	-6.14586	8.15	-6.15	2.72928	1.81952
8.22438	-6.05994	2.09496	1.56352	8.21488	-6.01843	8.25	-6.05	1.99977	1.99976
8.33408	-5.97078	2.10936	1.59238	8.33626	-5.94674	8.35	-5.95	1.99977	1.99976
8.50158	-5.9035	2.50251	1.37552	8.50318	-5.89335	8.5	-5.9	2.72796	0.909326
8.64024	-5.83668	2.50154	1.35488	8.65894	-5.86309	8.65	-5.85	2.72796	0.909321
8.73354	-5.74236	2.144	1.55232	8.77185	-5.74314	8.75	-5.75	1.81776	1.81775
8.8535	-5.65223	2.14972	1.56488	8.85444	-5.64273	8.85	-5.65	1.81774	1.81773
8.94775	-5.56832	2.02133	1.63311	9.02394	-5.6024	8.95	-5.55	1.99657	1.99656
9.05234	-5.47622	2.03163	1.66	9.05088	-5.45385	9.05	-5.45	1.99654	1.99655
9.2106	-5.39831	2.44476	1.46777	9.04088	-5.29691	9.2	-5.4	2.72728	0.909094
9.34368	-5.32061	2.44103	1.45963	9.34223	-5.32623	9.35	-5.35	2.72727	0.90909
9.42483	-5.2241	2.03643	1.63561	9.39579	-5.21659	9.45	-5.25	1.81816	1.81815
9.54041	-5.13198	2.04417	1.64267	9.55303	-5.13194	9.55	-5.15	1.81813	1.81813
9.63612	-5.04309	1.8843	1.69496	9.75019	-5.14652	9.65	-5.05	1.82036	1.82036
9.74514	-4.9421	1.89742	1.71724	9.7586	-4.93134	9.75	-4.95	1.82036	1.82037
9.83627	-4.84311	1.76465	1.77334	9.9198	-4.86941	9.85	-4.85	1.81578	1.81577
9.93827	-4.74289	1.7747	1.7819	9.95641	-4.74358	9.95	-4.75	1.81575	1.81575
10.0162	-4.63104	1.61675	1.86405	10.0029	-4.54771	10.05	-4.6	1.82039	2.7306
10.1188	-4.49882	1.65121	1.94553	10.1428	-4.45119	10.15	-4.45	1.8204	2.7306
10.205	-4.37829	1.60507	1.99516	10.1981	-4.26556	10.25	-4.3	1.81769	2.72652
10.3153	-4.22622	1.65741	2.11215	10.3644	-4.16342	10.35	-4.15	1.81768	2.7265
10.4483	-4.11322	1.93194	2.04753	10.5985	-4.12247	10.45	-4.05	1.81792	1.81792
10.5561	-3.98192	1.93899	2.09608	10.5415	-3.9454	10.55	-3.95	1.8179	1.8179
10.6546	-3.86288	1.85501	2.12676	10.7092	-3.85166	10.65	-3.85	1.81903	1.81904
10.7573	-3.74709	1.85601	2.1241	10.7616	-3.75002	10.75	-3.75	1.81902	1.81903
10.798	-3.62123	1.37082	2.24294	10.795	-3.60617	10.8	-3.6	0.909773	2.72931
10.8718	-3.48602	1.37032	2.27343	10.8527	-3.46164	10.85	-3.45	0.909764	2.72928
10.9812	-3.37021	1.69706	2.22099	10.9584	-3.30584	10.95	-3.3	1.99953	2.99928
11.0682	-3.22361	1.70741	2.3143	11.0447	-3.1561	11.05	-3.15	1.9995	2.99925
11.1061	-3.08311	1.24804	2.4223	11.1178	-2.98807	11.1	-3	0.907725	2.72317
11.1737	-2.92069	1.25031	2.4979	11.1427	-2.86566	11.15	-2.85	0.907708	2.72314
11.2208	-2.77398	1.09449	2.54297	11.1491	-2.68183	11.2	-2.7	0.908929	2.72678
11.2799	-2.6054	1.09607	2.61821	11.2525	-2.55311	11.25	-2.55	0.908929	2.72678
11.2093	-2.4534	0.072131	2.75907	11.1188	-2.36202	11.2	-2.4	-0.909276	2.72782
11.2059	-2.2868	0.0603965	2.79648	11.1594	-2.25598	11.15	-2.25	-0.909276	2.72782
11.3205	-2.12819	0.991487	2.71275	11.2029	-2.09837	11.25	-2.1	1.81915	2.72871
11.372	-1.97188	0.986553	2.73107	11.3525	-1.95787	11.35	-1.95	1.81913	2.72869
11.3707	-1.82274	0.56323	2.76103	11.3011	-1.79507	11.35	-1.8	0	2.73035
11.39	-1.67292	0.542579	2.75353	11.3326	-1.67041	11.35	-1.65	0	2.73033
11.3216	-1.53348	-0.144065	2.797	11.0622	-1.44342	11.3	-1.5	-0.999165	2.99748
11.3063	-1.38174	-0.157485	2.82673	11.2595	-1.35818	11.25	-1.35	-0.999155	2.99745
11.2534	-1.23185	-0.488811	2.82596	11.1658	-1.23674	11.2	-1.25	-0.909822	1.81964
11.2129	-1.10863	-0.512697	2.73771	11.1524	-1.15803	11.15	-1.15	-0.909822	1.81964
11.0846	-0.977585	-1.27613	2.74399	10.8534	-0.929069	11.05	-0.95	-1.99817	3.99632
11.0124	-0.800098	-1.291	2.85027	10.9584	-0.728742	10.95	-0.75	-1.99816	3.99632
10.9625	-0.641535	-1.08207	2.85123	10.8608	-0.663121	10.9	-0.649999	-0.908549	1.8171
10.8963	-0.5105	-1.09263	2.78077	10.8648	-0.553034	10.85	-0.549999	-0.908532	1.81708
10.7908	-0.374135	-1.48415	2.73477	10.8451	-0.437482	10.75	-0.45	-1.8174	1.81738
10.7	-0.270434	-1.49707	2.60781	10.6542	-0.347474	10.65	-0.35	-1.8174	1.81738
10.5212	-0.156296	-2.28427	2.51579	10.5062	-0.245062	10.5	-0.25	-2.72796	1.81864
10.3875	-0.0680177	-2.29411	2.38004	10.3438	-0.150982	10.35	-0.15	-2.72796	1.81864
10.2995	0.0500324	-2.04577	2.35209	10.4884	-0.0812124	10.25	-0.0999996	-1.81964	0.909826
10.1833	0.0939961	-2.04403	2.12125	10.1537	-0.0482457	10.15	-0.0499992	-1.81963	0.909818
10.0278	0.178907	-2.3661	2.02319	9.92588	0.00395802	10	9.49949e-07	-2.73049	0.910169
9.89375	0.195094	-2.36322	1.76563	9.85676	0.0351738	9.85	0.0500011	-2.73047	0.910161
9.73506	0.258581	-2.56995	1.66494	9.63973	0.0585714	9.7	0.0500011	-2.72439	0
9.58974	0.234442	-2.56464	1.35002	9.54669	0.0374948	9.55	0.0500011	-2.72438	0
9.42875	0.280398	-2.69694	1.26717	9.32242	0.112393	9.4	0.100001	-2.72773	0.90923
9.27705	0.277973	-2.69623	1.07033	9.24446	0.153574	9.25	0.15	-2.7277	0.909222
9.12363	0.317083	-2.72043	1.01475	9.0614	0.20077	9.1	0.2	-2.72652	0.908843
8.97105	0.332016	-2.72204	0.902655	8.94752	0.260272	8.95	0.25	-2.72653	0.908843
8.87666	0.366263	-2.28046	0.877609	8.90199	0.247143	8.85	0.25	-1.81847	0
8.75468	0.359766	-2.26975	0.727234	8.76016	0.263752	8.75	0.25	-1.81846	0
8.53892	0.370359	-2.99487	0.616349	8.46355	0.258809	8.55	0.25	-3.6326	0
8.3726	0.350001	-2.9928	0.4665	8.35367	0.252596	8.35	0.25	-3.6326	0
8.2198	0.354875	-2.84322	0.414362	8.05161	0.241868	8.2	0.25	-2.72841	0
8.06351	0.331726	-2.83969	0.287008	8.05411	0.247878	8.05	0.25	-2.72842	0
7.91822	0.323436	-2.71025	0.224084	7.78653	0.205765	7.9	0.2	-2.72708	-0.909025
7.76699	0.268928	-2.70954	0.037679	7.74339	0.144028	7.75	0.15	-2.72705	-0.909016
7.62559	0.237864	-2.70721	-0.0561642	7.77346	0.0969346	7.6	0.100001	-2.73169	-0.910554
7.4748	0.169575	-2.7079	-0.239198	7.45362	0.0452052	7.45	0.0500011	-2.73169	-0.910554
7.30866	0.136325	-2.90985	-0.302009	7.15329	0.0425189	7.3	0.0500011	-2.99789	0
7.16411	0.0907897	-2.90753	-0.388026	7.16618	0.0287673	7.15	0.0500011	-2.9979	0
7.08054	0.041855	-2.31019	-0.465011	7.17215	-0.0469302	7.05	-0.0499995	-1.81811	-1.81813
6.95408	-0.0375888	-2.30954	-0.618427	6.95426	-0.147757	6.95	-0.15	-1.8181	-1.81811
6.85736	-0.113225	-2.05025	-0.741683	6.83008	-0.250179	6.85	-0.25	-1.81646	-1.81646
6.74747	-0.216505	-2.04782	-0.920642	6.76395	-0.345347	6.75	-0.35	-1.81645	-1.81645
6.66883	-0.313574	-1.79311	-1.06424	6.74798	-0.457727	6.65	-0.45	-1.81901	-1.819
6.56506	-0.434829	-1.80847	-1.24524	6.54569	-0.565853	6.55	-0.549999	-1.81899	-1.81898
6.54017	-0.577755	-1.19189	-1.50332	6.565	-0.754748	6.5	-0.749999	-0.909789	-3.63914
6.46704	-0.750057	-1.22018	-1.76301	6.4494	-0.940848	6.45	-0.949999	-0.909781	-3.63911
6.42578	-0.906776	-1.04121	-1.98444	6.44213	-1.11266	6.4	-1.1	-1.0002	-3.00061
6.36399	-1.08412	-1.0785	-2.21106	6.34405	-1.26138	6.35	-1.25	-1.0002	-3.00061
6.32392	-1.23532	-0.966547	-2.34849	6.39474	-1.36501	6.3	-1.35	-1.00035	-2.00072
6.26997	-1.37577	-0.984599	-2.41555	6.25356	-1.42931	6.25	-1.45	-1.00036	-2.00072
6.28062	-1.5563	-0.43679	-2.70099	6.24787	-1.61119	6.25	-1.6	0	-2.99288
6.2528	-1.71011	-0.455209	-2.75462	6.23547	-1.75335	6.25	-1.75	0	-2.99285
6.2933	-1.90533	0.0827859	-3.00889	6.41111	-1.93027	6.3	-1.9	0.909739	-2.72921
6.30734	-2.06355	0.103957	-2.98671	6.34873	-2.05372	6.35	-2.05	0.909735	-2.72921
6.31596	-2.21701	0.0411148	-2.92769	6.53066	-2.26346	6.35	-2.2	0	-2.72782
6.32944	-2.36389	0.0699274	-2.8858	6.36917	-2.33894	6.35	-2.35	0	-2.72779
6.33409	-2.52894	0.106365	-2.91939	6.27034	-2.51837	6.35	-2.55	0	-3.63689
6.33788	-2.70237	0.0954628	-2.95525	6.34287	-2.73391	6.35	-2.75	0	-3.63689
6.38856	-2.90002	0.467684	-3.18204	6.45883	-2.92313	6.4	-2.9	0.908854	-2.72658
6.41985	-3.06984	0.481578	-3.16634	6.43866	-3.06257	6.45	-3.05	0.908859	-2.72658
6.46141	-3.24162	0.580453	-3.19072	6.49154	-3.20004	6.5	-3.2	0.908863	-2.72658
6.50718	-3.3923	0.622568	-3.1206	6.53579	-3.34211	6.55	-3.35	0.908855	-2.72655
6.55871	-3.55245	0.682457	-3.09454	6.70146	-3.53446	6.6	-3.5	0.908714	-2.72613
6.61299	-3.69474	0.73267	-3.01603	6.64657	-3.63945	6.65	-3.65	0.908702	-2.72611
6.66789	-3.85736	0.819965	-3.03597	6.70956	-3.81739	6.7	-3.8	0.909565	-2.72871
6.72543	-4.00383	0.857276	-2.9791	6.74885	-3.96368	6.75	-3.95	0.909561	-2.72869
6.76989	-4.15095	0.821102	-2.91116	6.73758	-4.06653	6.8	-4.1	0.908566	-2.72568
6.82914	-4.29121	0.861543	-2.85543	6.85796	-4.25464	6.85	-4.25	0.908561	-2.72569
6.92842	-4.47296	1.21483	-3.07096	7.10395	-4.49091	6.95	-4.4	1.81821	-2.72732
7.01405	-4.61289	1.27038	-2.9913	7.04679	-4.55716	7.05	-4.55	1.81822	-2.72732
7.07253	-4.75238	1.16623	-2.86823	7.02393	-4.64459	7.1	-4.7	0.91085	-2.73253
7.14094	-4.89414	1.18431	-2.82769	7.13435	-4.85502	7.15	-4.85	0.910837	-2.73251
7.18884	-5.01065	1.04389	-2.6771	7.24619	-4.97656	7.2	-4.95	1.00033	-2.00068
7.25245	-5.11575	1.08439	-2.60247	7.25317	-5.04605	7.25	-5.05	1.00033	-2.00066
7.35074	-5.27327	1.48724	-2.88971	7.22054	-5.09604	7.35	-5.2	1.9976	-2.9964
7.43382	-5.39774	1.51686	-2.83733	7.43604	-5.34825	7.45	-5.35	1.9976	-2.9964
7.47192	-5.50126	1.12435	-2.48301	7.40989	-5.38617	7.5	-5.45	0.908252	-1.8165
7.54577	-5.61581	1.16155	-2.42472	7.55662	-5.56714	7.55	-5.55	0.908244	-1.81648
7.62824	-5.75931	1.39243	-2.5919	7.39379	-5.52612	7.65	-5.7	1.81785	-2.72677
7.72479	-5.87909	1.44672	-2.52908	7.76459	-5.8425	7.75	-5.85	1.81785	-2.72677
7.76719	-5.97869	1.09349	-2.21992	7.84699	-6.00602	7.8	-5.95	0.909078	-1.81815
7.84061	-6.08152	1.13166	-2.16857	7.85921	-6.04502	7.85	-6.05	0.909073	-1.81815
7.93831	-6.22591	1.43684	-2.40559	7.89511	-6.1416	7.95	-6.2	1.8197	-2.72955
8.02657	-6.35482	1.4583	-2.39392	8.05619	-6.36041	8.05	-6.35	1.81969	-2.72953
8.13239	-6.50411	1.63511	-2.53056	8.2234	-6.53735	8.15	-6.5	1.8187	-2.72807
8.22973	-6.64145	1.65186	-2.52318	8.25446	-6.64851	8.25	-6.65	1.81869	-2.72804
8.27869	-6.74021	1.28101	-2.19914	8.32206	-6.77114	8.3	-6.75	0.908979	-1.81795
8.34338	-6.85834	1.27014	-2.195	8.31728	-6.8399	8.35	-6.85	0.908979	-1.81795
8.40995	-6.98243	1.29955	-2.23638	8.2713	-6.91098	8.4	-7	0.909094	-2.72732
8.46622	-7.12369	1.25792	-2.28522	8.44183	-7.15372	8.45	-7.15	0.909102	-2.72732
8.56483	-7.27888	1.51728	-2.5218	8.54154	-7.25975	8.55	-7.3	1.81751	-2.72628
8.64542	-7.43165	1.50407	-2.55524	8.65899	-7.4699	8.65	-7.45	1.81752	-2.72628
8.69734	-7.54218	1.19303	-2.27172	8.83598	-7.68162	8.7	-7.55	0.908615	-1.81723
8.76709	-7.65908	1.20588	-2.25145	8.76769	-7.64094	8.75	-7.65	0.908607	-1.81721
8.86258	-7.81118	1.4828	-2.50664	8.77916	-7.72457	8.85	-7.8	1.8215	-2.73224
8.94703	-7.94819	1.48964	-2.50394	8.95669	-7.95155	8.95	-7.95	1.82148	-2.73221
9.02818	-8.08626	1.52356	-2.55365	9.1081	-8.22433	9	-8.1	0.999025	-2.99707
9.08861	-8.22726	1.48297	-2.59047	9.05476	-8.24211	9.05	-8.25	0.999015	-2.99704
9.12189	-8.32497	1.06746	-2.2026	9.13825	-8.4037	9.1	-8.35	0.908285	-1.81657
9.1696	-8.45172	1.04083	-2.21978	9.14025	-8.44981	9.15	-8.45	0.908268	-1.81655
9.23959	-8.58934	1.15961	-2.34216	9.22081	-8.59155	9.2	-8.6	0.91012	-2.73036
9.28427	-8.73607	1.10945	-2.39072	9.25031	-8.76071	9.25	-8.75	0.910112	-2.73033
9.34707	-8.87667	1.1471	-2.44734	9.30208	-8.90831	9.3	-8.9	0.909524	-2.72856
9.38825	-9.02851	1.09094	-2.49515	9.34431	-9.04587	9.35	-9.05	0.909524	-2.72856
9.45142	-9.16952	1.1874	-2.61156	9.39993	-9.18842	9.4	-9.2	0.999066	-2.99725
9.48528	-9.32713	1.11829	-2.68198	9.4452	-9.37195	9.45	-9.35	0.999075	-2.99724
9.53917	-9.46988	1.07368	-2.64461	9.48751	-9.46421	9.5	-9.5	0.909706	-2.7291
9.58149	-9.62961	1.02999	-2.68328	9.55098	-9.64789	9.55	-9.65	0.909706	-2.7291
9.63234	-9.76746	1.04884	-2.71464	9.57122	-9.75525	9.6	-9.8	1.00048	-3.00143
9.66397	-9.92017	0.994747	-2.76076	9.62408	-9.94149	9.65	-9.95	1.00046	-3.00141
9.69438	-10.036	0.854425	-2.6063	9.61433	-9.96417	9.7	-10.05	0.998785	-1.99755
9.74129	-10.1613	0.866138	-2.59324	9.7457	-10.1502	9.75	-10.15	0.998775	-1.99754
9.76187	-10.2735	0.625398	-2.32995	9.77731	-10.3295	9.75	-10.3	0	-2.72851
9.78208	-10.418	0.586116	-2.37148	9.76557	-10.4501	9.75	-10.45	0	-2.72849
9.8353	-10.5793	0.749884	-2.57315	9.89592	-10.7137	9.8	-10.6	0.909012	-2.72704
9.86528	-10.7326	0.7192	-2.60334	9.85066	-10.7537	9.85	-10.75	0.909012	-2.72703
9.88279	-10.8478	0.576429	-2.4582	9.84397	-10.9287	9.85	-10.9	0	-3.00318
9.88694	-10.9978	0.508331	-2.52658	9.85693	-11.0512	9.85	-11.05	0	-3.00316
9.90706	-11.1255	0.520289	-2.56009	9.74773	-11.0482	9.85	-11.2	0	-3.00013
9.89639	-11.2897	0.420629	-2.65232	9.84407	-11.3565	9.85	-11.35	0	-3.00012
9.91547	-11.4324	0.448185	-2.71766	9.79495	-11.4686	9.85	-11.5	0	-2.99592
9.90129	-11.599	0.351103	-2.7974	9.83943	-11.6467	9.85	-11.65	0	-2.99592
9.86541	-11.6809	-0.112177	-2.21799	9.76634	-11.6976	9.8	-11.75	-0.908731	-1.81746
9.8209	-11.828	-0.210972	-2.28595	9.74774	-11.8511	9.75	-11.85	-0.908731	-1.81746
9.80345	-11.9571	-0.255572	-2.25904	9.7856	-12.1262	9.7	-12	-0.909591	-2.72875
9.73821	-12.1144	-0.387934	-2.34833	9.64482	-12.1455	9.65	-12.15	-0.909582	-2.72873
9.70756	-12.245	-0.41989	-2.34262	9.57233	-12.2948	9.6	-12.3	-0.908879	-2.72667
9.63355	-12.4107	-0.553792	-2.43869	9.55167	-12.4583	9.55	-12.45	-0.908879	-2.72665
9.55798	-12.4864	-0.893094	-1.98489	9.37132	-12.4833	9.45	-12.55	-1.82006	-1.82006
9.45532	-12.6264	-1.03124	-2.06895	9.359	-12.6499	9.35	-12.65	-1.82005	-1.82005
9.35563	-12.6645	-1.39853	-1.55553	9.16109	-12.6848	9.2	-12.75	-3.00047	-2.00033
9.19539	-12.7929	-1.63155	-1.69311	9.028	-12.8337	9.05	-12.85	-3.00048	-2.00033
9.07532	-12.8472	-1.83398	-1.40685	8.85918	-12.7953	8.95	-12.9	-1.81543	-0.907707
8.92722	-12.9499	-1.95572	-1.47478	8.84257	-12.9684	8.85	-12.95	-1.81542	-0.907708
8.8083	-13.0234	-2.00878	-1.41953	8.66865	-13.0114	8.7	-13.05	-2.73134	-1.82089
8.64577	-13.1275	-2.1439	-1.4903	8.55319	-13.1445	8.55	-13.15	-2.73135	-1.82089
8.48227	-13.0943	-2.6083	-0.685212	8.27267	-12.996	8.4	-13.15	-2.99683	0
8.31975	-13.1428	-2.69065	-0.72463	8.25965	-13.1488	8.25	-13.15	-2.9968	0
8.17204	-13.1939	-2.63245	-0.851858	8.04571	-13.0646	8.1	-13.2	-2.72707	-0.909028
8.00323	-13.2502	-2.69414	-0.878501	7.95841	-13.2508	7.95	-13.25	-2.72705	-0.90902
7.84018	-13.2646	-2.85818	-0.565145	7.86599	-13.4154	7.8	-13.25	-2.7295	0
7.66808	-13.2913	-2.89265	-0.561288	7.62489	-13.249	7.65	-13.25	-2.7295	0
7.51403	-13.2942	-2.98589	-0.364775	7.50783	-13.2944	7.5	-13.25	-2.99994	0
7.3634	-13.3009	-2.98392	-0.343101	7.3419	-13.2474	7.35	-13.25	-2.99994	0
7.18037	-13.2562	-3.19089	0.138109	7.19781	-13.1973	7.2	-13.2	-2.72698	0.908995
7.02873	-13.2258	-3.12299	0.189505	7.04935	-13.1606	7.05	-13.15	-2.72695	0.908987
6.85054	-13.196	-3.16502	0.293871	6.79473	-13.0433	6.85	-13.15	-3.63709	0
6.66946	-13.1782	-3.1816	0.295146	6.65123	-13.1604	6.65	-13.15	-3.63709	0
6.50115	-13.1295	-3.29852	0.585909	6.54114	-13.2079	6.5	-13.1	-3.0006	1.00018
6.3475	-13.0866	-3.26501	0.61492	6.35317	-13.0396	6.35	-13.05	-3.0006	1.00019
6.19217	-13.1199	-3.04441	0.0792231	6.27012	-13.1139	6.25	-13.05	-1.81729	0
6.0731	-13.0913	-2.9146	0.138338	6.14459	-13.0471	6.15	-13.05	-1.81729	0
5.8981	-13.0001	-3.13078	0.783662	5.99498	-12.9442	6	-12.95	-2.72861	1.81906
5.78553	-12.9222	-2.96891	0.865336	5.86379	-12.8408	5.85	-12.85	-2.72861	1.81907
5.64066	-12.8667	-2.98479	0.960168	5.73761	-12.8672	5.7	-12.8	-2.99988	0.999964
5.51812	-12.8004	-2.91081	1.00125	5.55118	-12.7486	5.55	-12.75	-2.99985	0.999954
5.38218	-12.7649	-2.85103	0.874782	5.45236	-12.7392	5.45	-12.7	-2.00001	1
5.28611	-12.6975	-2.72523	0.930806	5.35556	-12.6423	5.35	-12.65	-1.99998	0.999994
5.14855	-12.6085	-2.80586	1.25068	5.26451	-12.5511	5.25	-12.55	-1.99732	1.99733
5.06122	-12.516	-2.66058	1.31943	5.13769	-12.4355	5.15	-12.45	-1.9973	1.9973
4.9255	-12.4344	-2.66638	1.43275	5.1317	-12.5744	5.05	-12.35	-1.8206	1.82059
4.84633	-12.3227	-2.48443	1.51131	4.94432	-12.2438	4.95	-12.25	-1.82058	1.82058
4.71626	-12.1728	-2.64295	2.10478	4.89215	-12.1623	4.85	-12.1	-1.9998	2.99969
4.65035	-12.0357	-2.46357	2.18029	4.75047	-11.9578	4.75	-11.95	-1.9998	2.9997
4.547	-11.951	-2.34018	1.92078	4.6421	-11.7788	4.7	-11.85	-1.00002	2.00003
4.51001	-11.8219	-2.12521	2.00239	4.63967	-11.7513	4.65	-11.75	-1.00001	2.00002
4.40752	-11.6796	-2.18877	2.32267	4.58347	-11.632	4.6	-11.6	-0.998955	2.99688
4.39765	-11.5263	-1.92227	2.41723	4.56619	-11.4576	4.55	-11.45	-0.99896	2.99689
4.31248	-11.3792	-1.92189	2.56876	4.46846	-11.2092	4.5	-11.3	-1.00106	3.00319
4.30715	-11.2153	-1.67876	2.65946	4.46017	-11.1425	4.45	-11.15	-1.00106	3.00319
4.25766	-11.133	-1.4187	2.09763	4.43672	-11.0976	4.45	-11.05	0	1.8168
4.27466	-10.9876	-1.16648	2.18035	4.43803	-10.9525	4.45	-10.95	0	1.81679
4.22909	-10.8509	-1.16683	2.34688	4.40556	-10.7068	4.45	-10.8	0	3.00139
4.27322	-10.7009	-0.894969	2.43903	4.45507	-10.6618	4.45	-10.65	0	3.00138
4.27096	-10.6239	-0.662991	2.02521	4.44716	-10.5583	4.45	-10.55	0	2.00041
4.31559	-10.493	-0.455127	2.10601	4.45187	-10.4417	4.45	-10.45	0	2.00038
4.30811	-10.3707	-0.424663	2.17877	4.45602	-10.2142	4.5	-10.3	0.999584	2.99875
4.3845	-10.2195	-0.162348	2.29196	4.55349	-10.1343	4.55	-10.15	0.999574	2.99871
4.38606	-10.0686	-0.179196	2.46149	4.56608	-10.005	4.55	-10	0	2.72717
4.44501	-9.90186	0.00548481	2.54658	4.55922	-9.84124	4.55	-9.85	0	2.72714
4.48212	-9.77927	0.185857	2.32904	4.62339	-9.6559	4.65	-9.7	1.8193	2.72895
4.58665	-9.60839	0.438026	2.44838	4.7439	-9.53522	4.75	-9.55	1.81929	2.72894
4.61693	-9.45422	0.412941	2.62893	4.74852	-9.27389	4.8	-9.4	1.00006	3.00019
4.7114	-9.29001	0.60908	2.72392	4.8446	-9.24095	4.85	-9.25	1.00005	3.00015
4.81221	-9.21176	1.00992	2.1879	4.98605	-9.20516	4.95	-9.15	2.00004	2.00005
4.91891	-9.07498	1.15936	2.26727	5.02283	-9.03066	5.05	-9.05	2.00004	2.00004
4.9685	-8.93092	1.03097	2.52828	5.12819	-8.95913	5.1	-8.9	0.999704	2.99911
5.06328	-8.77935	1.14665	2.59909	5.14109	-8.73073	5.15	-8.75	0.999689	2.99907
5.18425	-8.68705	1.49231	2.16893	5.33883	-8.81618	5.25	-8.65	1.81848	1.81849
5.29627	-8.55897	1.56873	2.20157	5.36408	-8.56805	5.35	-8.55	1.81846	1.81846
5.3611	-8.41976	1.44489	2.40705	5.38848	-8.31037	5.45	-8.4	2.00068	3.00103
5.46874	-8.27962	1.53789	2.46645	5.53874	-8.25196	5.55	-8.25	2.00066	3.00099
5.58813	-8.18133	1.82328	2.16916	5.56632	-8.04704	5.65	-8.15	1.99952	1.99953
5.70023	-8.06213	1.8773	2.20296	5.7459	-8.05196	5.75	-8.05	1.9995	1.9995
5.7816	-7.93918	1.78498	2.31062	5.78426	-7.91676	5.8	-7.95	0.999944	1.99989
5.85962	-7.83853	1.75258	2.27302	5.84978	-7.88144	5.85	-7.85	0.999939	1.99988
5.95949	-7.73462	1.85102	2.16806	5.92249	-7.69769	5.95	-7.75	1.99772	1.99772
6.04695	-7.63205	1.83651	2.15238	6.04031	-7.64732	6.05	-7.65	1.99771	1.9977
6.16042	-7.52563	1.92937	2.05456	6.16773	-7.55437	6.15	-7.55	1.8199	1.8199
6.25491	-7.4252	1.89786	2.02092	6.23866	-7.45306	6.25	-7.45	1.8199	1.81991
6.38827	-7.34647	2.20984	1.73817	6.25322	-7.17734	6.4	-7.35	2.99605	1.99736
6.51449	-7.25148	2.2487	1.76482	6.55461	-7.24907	6.55	-7.25	2.99605	1.99736
6.65889	-7.17338	2.4051	1.61578	6.67172	-7.23041	6.65	-7.2	1.8206	0.910303
6.7722	-7.10738	2.35377	1.55414	6.74664	-7.15616	6.75	-7.15	1.8206	0.910298
6.85323	-7.01031	2.10584	1.74427	6.79888	-6.99594	6.85	-7.05	1.99848	1.99848
6.95356	-6.93329	2.09052	1.71831	6.95342	-6.96092	6.95	-6.95	1.99846	1.99846
7.099	-6.85968	2.29641	1.55318	7.17955	-6.9446	7.1	-6.85	2.72688	1.81792
7.23622	-6.75889	2.32646	1.59441	7.24929	-6.7261	7.25	-6.75	2.72688	1.81792
7.33437	-6.65479	2.07526	1.78173	7.42782	-6.72337	7.35	-6.65	1.81821	1.81821
7.45305	-6.55295	2.08666	1.79318	7.46332	-6.54842	7.45	-6.55	1.81821	1.81821
7.58194	-6.46964	2.21556	1.67991	7.54452	-6.5069	7.55	-6.5	1.81726	0.908632
7.68269	-6.40742	2.15869	1.59738	7.65373	-6.46481	7.65	-6.45	1.81726	0.908632
7.84459	-6.35299	2.49525	1.34347	7.8635	-6.45394	7.8	-6.4	2.72951	0.909839
7.96547	-6.30245	2.45196	1.27956	7.94162	-6.34466	7.95	-6.35	2.72948	0.909826
8.0392	-6.21396	2.12682	1.4811	7.89525	-6.11857	8.05	-6.25	2.00047	2.00048
8.14008	-6.1432	2.11424	1.47021	8.12355	-6.14389	8.15	-6.15	2.00048	2.00048
8.27124	-6.06508	2.20884	1.42653	8.31423	-6.05705	8.3	-6.05	2.72702	1.81801
8.40803	-5.97622	2.24457	1.45976	8.45315	-5.97158	8.45	-5.95	2.727	1.818
8.51796	-5.90164	2.22216	1.47474	8.53167	-5.90349	8.55	-5.9	2.00127	1.00064
8.63131	-5.82851	2.22663	1.47471	8.64207	-5.83392	8.65	-5.85	2.00128	1.00064
8.77393	-5.76661	2.43121	1.3714	8.88764	-5.82241	8.8	-5.75	2.99963	1.99976
8.91029	-5.67801	2.46825	1.42792	8.94256	-5.64534	8.95	-5.65	2.99961	1.99974
9.01216	-5.59351	2.22948	1.56685	9.21669	-5.64514	9.05	-5.55	1.99699	1.997
9.13546	-5.49356	2.26024	1.6255	9.15342	-5.45253	9.15	-5.45	1.997	1.99701
9.23355	-5.38879	2.06656	1.73178	9.16723	-5.29709	9.25	-5.35	1.8166	1.81659
9.35267	-5.27526	2.08303	1.77943	9.34852	-5.23619	9.35	-5.25	1.8166	1.81659
9.44992	-5.16816	1.96352	1.84135	9.39027	-5.1041	9.45	-5.15	1.8222	1.82219
9.5562	-5.06201	1.96208	1.85342	9.54207	-5.04728	9.55	-5.05	1.82219	1.82219
9.6783	-4.98262	2.17048	1.74904	9.62802	-5.02338	9.65	-5	1.99604	0.998028
9.77578	-4.91355	2.14324	1.69714	9.75	-4.94288	9.75	-4.95	1.99605	0.998028
9.86111	-4.8157	1.88555	1.78487	9.88102	-4.86216	9.85	-4.85	1.81895	1.81894
9.95722	-4.73421	1.86629	1.73949	9.94502	-4.76247	9.95	-4.75	1.81894	1.81894
10.0337	-4.62955	1.64371	1.82832	10.0747	-4.62454	10.05	-4.6	1.81966	2.72951
10.1328	-4.50197	1.66794	1.90086	10.1384	-4.4533	10.15	-4.45	1.81965	2.72948
10.2257	-4.39243	1.68898	1.90723	10.1743	-4.32841	10.25	-4.35	1.81908	1.81907
10.3266	-4.27547	1.70741	1.94144	10.3492	-4.25956	10.35	-4.25	1.81908	1.81907
10.4152	-4.17299	1.6808	1.96992	10.56	-4.15868	10.45	-4.1	2.00061	3.0009
10.5178	-4.03141	1.72569	2.08804	10.5557	-3.96034	10.55	-3.95	2.0006	3.0009
10.6378	-3.92483	1.94174	2.05397	10.7738	-3.89129	10.65	-3.85	1.99963	1.99964
10.7405	-3.79661	1.95795	2.12195	10.7394	-3.74821	10.75	-3.75	1.99962	1.99962
10.7608	-3.67288	1.33102	2.29365	10.7674	-3.58281	10.8	-3.6	0.999844	2.99952
10.8405	-3.51404	1.36387	2.41307	10.8596	-3.4348	10.85	-3.45	0.999834	2.99949
10.9552	-3.39358	1.7316	2.34762	10.9601	-3.36033	10.95	-3.35	2.00065	2.00064
11.0446	-3.26718	1.73839	2.37225	11.0504	-3.25128	11.05	-3.25	2.00064	2.00064
11.069	-3.1394	1.24365	2.47492	11.0282	-3.07488	11.1	-3.1	0.998546	2.99563
11.1393	-2.98944	1.26188	2.54575	11.1569	-2.944	11.15	-2.95	0.998526	2.9956
11.1298	-2.84195	0.616178	2.65965	11.1386	-2.78926	11.15	-2.8	0	2.73104
11.162	-2.68078	0.615022	2.69894	11.141	-2.65084	11.15	-2.65	0	2.73102
11.1638	-2.53377	0.376334	2.72344	11.1042	-2.54354	11.15	-2.55	0	1.81785
11.1754	-2.41312	0.356915	2.64393	11.1497	-2.45904	11.15	-2.45	0	1.81785
11.2776	-2.28019	1.06972	2.5639	11.1658	-2.25651	11.25	-2.25	1.99733	3.99465
11.3395	-2.11458	1.08768	2.66483	11.3591	-2.05184	11.35	-2.05	1.99733	3.99465
11.3441	-1.96634	0.650752	2.70739	11.3117	-1.92025	11.35	-1.95	0	1.81854
11.3735	-1.83657	0.638093	2.65508	11.3504	-1.8663	11.35	-1.85	0	1.81853
11.3827	-1.69267	0.416345	2.66652	11.4185	-1.70062	11.35	-1.7	0	2.72762
11.3979	-1.54211	0.402759	2.6754	11.3568	-1.53205	11.35	-1.55	0	2.72762
11.3292	-1.40062	-0.30907	2.6996	11.2541	-1.38373	11.3	-1.4	-0.908846	2.72653
11.301	-1.24995	-0.329033	2.70327	11.2429	-1.24238	11.25	-1.25	-0.908846	2.72653
11.195	-1.10814	-1.00248	2.71134	11.0754	-1.08747	11.15	-1.1	-1.82014	2.73021
11.1264	-0.948343	-1.02653	2.73806	11.0544	-0.927069	11.05	-0.949999	-1.82013	2.73021
11.0541	-0.81155	-1.1538	2.73963	10.9247	-0.791254	11	-0.799999	-1.00036	3.00107
10.9884	-0.662556	-1.16792	2.77075	10.9434	-0.640459	10.95	-0.65	-1.00035	3.00104
10.8639	-0.529667	-1.659	2.75687	10.7146	-0.485949	10.85	-0.5	-2.00003	3.00006
10.7758	-0.381379	-1.6682	2.7843	10.7471	-0.362528	10.75	-0.35	-2.00002	3.00003
10.6793	-0.237454	-1.71015	2.75863	10.6895	-0.304531	10.65	-0.3	-1.81779	0.908892
10.5791	-0.152649	-1.7154	2.57753	10.547	-0.266677	10.55	-0.25	-1.81778	0.908893
10.4236	-0.0513825	-2.31952	2.48875	10.5032	-0.154501	10.4	-0.15	-3.00061	2.00041
10.2989	0.029759	-2.33007	2.37103	10.2485	-0.0475524	10.25	-0.0499992	-3.0006	2.00041
10.203	0.127414	-2.13858	2.31964	10.1407	-0.0721585	10.15	-0.0499992	-1.99645	0
10.0884	0.139247	-2.13972	2.03634	10.0313	-0.0518611	10.05	-0.0499992	-1.99644	0
9.94619	0.215598	-2.39795	1.92916	10.0898	-0.00166396	9.9	9.49949e-07	-2.73175	0.910584
9.80696	0.222685	-2.40072	1.66027	9.74695	0.0464954	9.75	0.0500011	-2.73174	0.910584
9.64027	0.273037	-2.74605	1.5566	9.50401	0.0833188	9.6	0.100001	-2.99544	0.998471
9.49831	0.280298	-2.74629	1.36378	9.45825	0.149456	9.45	0.15	-2.99545	0.998471
9.39105	0.335637	-2.3344	1.32669	9.22819	0.16178	9.35	0.15	-1.81963	0
9.26348	0.312475	-2.32388	1.06426	9.24456	0.139817	9.25	0.15	-1.81962	0
9.10478	0.34002	-2.66943	0.979631	9.0729	0.205961	9.1	0.2	-3.00059	1.0002
8.97179	0.340971	-2.66424	0.847948	8.96281	0.250937	8.95	0.25	-3.0006	1.0002
8.82371	0.363892	-2.79674	0.788486	8.84168	0.257617	8.8	0.25	-2.99995	0
8.68154	0.349714	-2.796	0.640836	8.65606	0.24536	8.65	0.25	-2.99994	0
8.5336	0.361862	-2.83349	0.583898	8.43549	0.247188	8.5	0.25	-2.99323	0
8.38561	0.344539	-2.83986	0.454991	8.34184	0.250769	8.35	0.25	-2.9932	0
8.24511	0.35017	-2.72418	0.405014	8.27073	0.243988	8.2	0.25	-2.73233	0
8.08787	0.334862	-2.73515	0.300658	8.03847	0.260731	8.05	0.25	-2.73234	0
7.94549	0.324848	-2.79965	0.228006	7.98053	0.204587	7.9	0.2	-3.00234	-1.00078
7.79632	0.274869	-2.81154	0.0566541	7.73327	0.149199	7.75	0.15	-3.00231	-1.00077
7.63025	0.254474	-2.97077	-0.0127377	7.46173	0.143776	7.6	0.15	-2.99599	0
7.47827	0.220115	-2.97461	-0.107423	7.45455	0.149294	7.45	0.15	-2.99596	0
7.38725	0.191373	-2.37155	-0.160282	7.37986	0.0951006	7.35	0.100001	-1.81801	-0.908998
7.25931	0.140527	-2.3658	-0.279025	7.26713	0.055036	7.25	0.0500011	-1.81801	-0.908998
7.11411	0.0918975	-2.56556	-0.376039	7.32548	-0.0461763	7.1	-0.0499995	-2.72495	-1.81664
6.96714	0.00388059	-2.57539	-0.567528	6.93127	-0.133333	6.95	-0.15	-2.72492	-1.81662
6.9419	-0.0866363	-1.67665	-0.745349	7.09668	-0.264116	6.9	-0.25	-0.910634	-1.82126
6.84966	-0.197935	-1.67935	-0.946809	6.84796	-0.34284	6.85	-0.35	-0.910622	-1.82124
6.67682	-0.274615	-2.39579	-1.00607	6.64638	-0.45061	6.7	-0.45	-2.99641	-1.99759
6.55446	-0.391491	-2.40624	-1.19755	6.54772	-0.536719	6.55	-0.549999	-2.99637	-1.99757
6.51318	-0.538151	-1.64079	-1.48095	6.50462	-0.718	6.5	-0.7	-0.909955	-2.72986
6.42557	-0.691871	-1.6476	-1.68978	6.45451	-0.851695	6.45	-0.85	-0.909955	-2.72986
6.39994	-0.845506	-1.16595	-1.94234	6.42547	-0.999512	6.4	-1	-0.999224	-2.99766
6.33989	-1.0084	-1.1854	-2.13238	6.3554	-1.1624	6.35	-1.15	-0.99921	-2.99763
6.27863	-1.17143	-1.08284	-2.28662	6.14523	-1.27904	6.3	-1.3	-0.908722	-2.72618
6.21661	-1.34425	-1.1028	-2.42224	6.2299	-1.45381	6.25	-1.45	-0.908718	-2.72616
6.27125	-1.55952	-0.133932	-2.84943	6.37158	-1.60661	6.3	-1.6	0.910485	-2.73144
6.27642	-1.72368	-0.113904	-2.86906	6.34473	-1.75136	6.35	-1.75	0.910481	-2.73144
6.28305	-1.87464	-0.0276335	-2.90902	6.34	-1.88987	6.35	-1.9	0	-2.99515
6.29407	-2.0224	-0.00599651	-2.91197	6.35828	-2.03886	6.35	-2.05	0	-2.99515
6.30186	-2.18491	0.0106506	-2.91776	6.45002	-2.23466	6.35	-2.2	0	-2.72856
6.30953	-2.34203	0.025787	-2.90689	6.34057	-2.34076	6.35	-2.35	0	-2.72854
6.36231	-2.53299	0.421108	-3.11136	6.4979	-2.56206	6.4	-2.5	0.908227	-2.7247
6.4012	-2.68462	0.462081	-3.05333	6.45265	-2.65056	6.45	-2.65	0.908223	-2.72467
6.39291	-2.81338	0.123415	-2.81806	6.46538	-2.81029	6.45	-2.8	0	-2.72732
6.41277	-2.95633	0.155755	-2.7818	6.45762	-2.94003	6.45	-2.95	0	-2.7273
6.46544	-3.14566	0.576567	-3.04528	6.36717	-3.08903	6.5	-3.15	0.909078	-3.6363
6.50464	-3.31754	0.588891	-3.05466	6.54349	-3.33906	6.55	-3.35	0.90907	-3.63626
6.54774	-3.49083	0.643198	-3.08551	6.6454	-3.53435	6.6	-3.5	0.910038	-2.7301
6.59738	-3.65798	0.673232	-3.07457	6.65608	-3.67065	6.65	-3.65	0.910033	-2.7301
6.63732	-3.81857	0.654926	-3.03331	6.70981	-3.81998	6.7	-3.8	0.908095	-2.7243
6.69051	-3.97232	0.697511	-2.99318	6.74422	-3.95901	6.75	-3.95	0.908091	-2.72428
6.72234	-4.11544	0.61468	-2.88903	6.72525	-4.05329	6.8	-4.1	0.910949	-2.73284
6.77558	-4.26162	0.661928	-2.85046	6.83817	-4.25449	6.85	-4.25	0.910945	-2.73284
6.79912	-4.37468	0.52179	-2.68741	6.86491	-4.32753	6.9	-4.35	0.999834	-1.99968
6.85648	-4.48351	0.600807	-2.61112	6.94879	-4.45387	6.95	-4.45	0.999829	-1.99966
6.94373	-4.64617	1.04727	-2.9071	6.99339	-4.57763	7.05	-4.6	1.99653	-2.99479
7.03011	-4.77254	1.1278	-2.84541	7.14339	-4.76622	7.15	-4.75	1.99653	-2.99479
7.07463	-4.88159	0.972505	-2.66128	7.11889	-4.79341	7.2	-4.85	1.00098	-2.00196
7.15835	-4.98473	1.06216	-2.57351	7.25883	-4.94719	7.25	-4.95	1.00097	-2.00194
7.21932	-5.1157	1.04077	-2.52281	7.28536	-5.09276	7.3	-5.1	0.90969	-2.72906
7.29112	-5.24721	1.07528	-2.49948	7.33925	-5.24908	7.35	-5.25	0.909677	-2.72904
7.39515	-5.40893	1.51512	-2.83158	7.33914	-5.30864	7.45	-5.4	1.99976	-2.99964
7.48837	-5.5442	1.55497	-2.80889	7.5499	-5.55354	7.55	-5.55	1.99976	-2.99964
7.53318	-5.64643	1.23977	-2.52675	7.59167	-5.64447	7.6	-5.65	1.00038	-2.00076
7.60993	-5.7575	1.27914	-2.48396	7.64483	-5.73357	7.65	-5.75	1.00037	-2.00074
7.70054	-5.90705	1.46562	-2.62307	7.6402	-5.81769	7.75	-5.9	1.81659	-2.7249
7.79593	-6.04524	1.50015	-2.60221	7.84396	-6.051	7.85	-6.05	1.81659	-2.7249
7.84024	-6.14478	1.13389	-2.26998	7.91394	-6.15143	7.9	-6.15	0.909251	-1.81851
7.91504	-6.26198	1.16447	-2.24678	7.95018	-6.25957	7.95	-6.25	0.909247	-1.81849
8.004	-6.39528	1.32265	-2.34753	8.10134	-6.38026	8.05	-6.35	1.81576	-1.81577
8.10379	-6.49713	1.39429	-2.27171	8.15891	-6.45832	8.15	-6.45	1.81577	-1.81577
8.21342	-6.63968	1.61119	-2.42589	8.3424	-6.65648	8.25	-6.6	1.8218	-2.73269
8.3123	-6.76199	1.63896	-2.39607	8.33273	-6.74641	8.35	-6.75	1.8218	-2.73269
8.38885	-6.88267	1.49878	-2.27931	8.46635	-6.96022	8.4	-6.9	0.907987	-2.72401
8.46115	-7.02009	1.47101	-2.3114	8.44383	-7.03914	8.45	-7.05	0.907988	-2.72398
8.53643	-7.15188	1.43668	-2.30827	8.53661	-7.23635	8.5	-7.2	0.910054	-2.73014
8.59101	-7.31096	1.3686	-2.39329	8.55761	-7.36836	8.55	-7.35	0.910046	-2.73012
8.66745	-7.4404	1.4253	-2.45078	8.70486	-7.48959	8.65	-7.45	1.99827	-1.99828
8.74402	-7.55902	1.43852	-2.43923	8.7565	-7.55536	8.75	-7.55	1.99828	-1.99828
8.81412	-7.68879	1.38995	-2.40563	8.74707	-7.66927	8.8	-7.7	0.909061	-2.72717
8.87669	-7.83479	1.35328	-2.44284	8.85031	-7.85391	8.85	-7.85	0.909053	-2.72715
8.94076	-7.96451	1.29006	-2.39813	8.88546	-7.96913	8.9	-8	0.908945	-2.72688
8.98834	-8.12244	1.22673	-2.4671	8.95085	-8.16397	8.95	-8.15	0.908953	-2.72687
9.05225	-8.25429	1.20243	-2.44318	9.03618	-8.239	9.05	-8.25	1.82026	-1.82027
9.13166	-8.37327	1.23889	-2.40316	9.15149	-8.34807	9.15	-8.35	1.82025	-1.82026
9.20926	-8.50977	1.39521	-2.55496	9.14011	-8.44049	9.2	-8.5	0.999884	-2.99963
9.26455	-8.64659	1.35942	-2.58165	9.22902	-8.65053	9.25	-8.65	0.999874	-2.9996
9.32604	-8.77236	1.33745	-2.56797	9.23666	-8.722	9.3	-8.8	0.999284	-2.99783
9.37993	-8.91775	1.30069	-2.61119	9.36398	-8.95164	9.35	-8.95	0.999284	-2.99784
9.41944	-9.02967	1.0047	-2.31985	9.47823	-9.13791	9.4	-9.05	0.909209	-1.81844
9.46457	-9.16156	0.980457	-2.33374	9.43696	-9.1575	9.45	-9.15	0.90921	-1.81843
9.52071	-9.29706	1.02916	-2.39542	9.44585	-9.27158	9.5	-9.3	0.908483	-2.72543
9.56417	-9.4397	0.995037	-2.42483	9.53884	-9.45193	9.55	-9.45	0.908475	-2.72542
9.62739	-9.58533	1.04907	-2.49003	9.6872	-9.68187	9.6	-9.6	0.909756	-2.72927
9.67751	-9.73351	1.02712	-2.51815	9.67284	-9.75791	9.65	-9.75	0.909739	-2.72923
9.74727	-9.88518	1.14494	-2.65867	9.86489	-10.0711	9.7	-9.9	0.998626	-2.99586
9.78564	-10.0324	1.09641	-2.69769	9.74713	-10.0467	9.75	-10.05	0.998616	-2.99584
9.80943	-10.145	0.803898	-2.39528	9.75497	-10.1932	9.75	-10.2	0	-2.72857
9.81369	-10.3124	0.698499	-2.48978	9.74697	-10.3629	9.75	-10.35	0	-2.72854
9.85723	-10.462	0.777082	-2.59422	9.77249	-10.4428	9.8	-10.5	0.909773	-2.7293
9.88436	-10.6202	0.735025	-2.63458	9.86261	-10.6462	9.85	-10.65	0.909773	-2.7293
9.90005	-10.7418	0.534621	-2.42295	9.86786	-10.8223	9.85	-10.8	0	-2.72846
9.89723	-10.9027	0.449616	-2.49567	9.8455	-10.9408	9.85	-10.95	0	-2.72844
9.91468	-11.0405	0.414332	-2.47883	9.84594	-11.0973	9.85	-11.1	0	-2.72748
9.89888	-11.208	0.313062	-2.5612	9.83549	-11.2481	9.85	-11.25	0	-2.72745
9.91785	-11.3507	0.353165	-2.63696	9.8926	-11.4631	9.85	-11.4	0	-2.9967
9.90695	-11.5124	0.274572	-2.71149	9.87136	-11.5692	9.85	-11.55	0	-2.99671
9.89792	-11.6351	0.0597904	-2.45829	9.89882	-11.7746	9.8	-11.7	-0.909227	-2.72768
9.84458	-11.812	-0.0880729	-2.56897	9.74749	-11.8623	9.75	-11.85	-0.909218	-2.72765
9.81959	-11.9334	-0.245806	-2.38474	9.75738	-12.0161	9.7	-12	-0.908714	-2.72613
9.74953	-12.1047	-0.393454	-2.49087	9.65408	-12.1513	9.65	-12.15	-0.908706	-2.7261
9.69688	-12.2026	-0.639616	-2.17272	9.60373	-12.2428	9.6	-12.25	-0.909639	-1.81931
9.62232	-12.3396	-0.738342	-2.22437	9.54006	-12.3354	9.55	-12.35	-0.90964	-1.8193
9.53929	-12.4028	-1.06552	-1.77622	9.38815	-12.3607	9.45	-12.45	-1.81824	-1.81825
9.4352	-12.525	-1.18184	-1.84381	9.35049	-12.5377	9.35	-12.55	-1.81823	-1.81823
9.34251	-12.593	-1.43342	-1.50511	9.33568	-12.8372	9.2	-12.65	-2.72578	-1.81718
9.18527	-12.7199	-1.63553	-1.62416	9.04708	-12.7528	9.05	-12.75	-2.72576	-1.81717
9.08674	-12.806	-1.67142	-1.59646	8.97697	-12.8161	8.95	-12.85	-1.8192	-1.81921
8.94185	-12.9221	-1.80838	-1.67305	8.84904	-12.9423	8.85	-12.95	-1.81921	-1.81921
8.82362	-12.9942	-1.91515	-1.53119	8.64934	-12.9537	8.7	-13.05	-2.72781	-1.81854
8.65399	-13.1144	-2.08302	-1.62604	8.5479	-13.1496	8.55	-13.15	-2.7278	-1.81853
8.48972	-13.1055	-2.55033	-0.81498	8.43462	-13.263	8.4	-13.15	-2.72644	0
8.31958	-13.1596	-2.62538	-0.843519	8.26001	-13.1483	8.25	-13.15	-2.72641	0
8.165	-13.1537	-2.82821	-0.473531	8.10139	-13.1447	8.1	-13.15	-3.00083	0
8.00163	-13.1808	-2.88216	-0.487989	7.95138	-13.1593	7.95	-13.15	-3.00084	0
7.85031	-13.2293	-2.80809	-0.644253	7.85182	-13.2702	7.8	-13.2	-2.72553	-0.908516
7.67706	-13.2705	-2.85564	-0.66162	7.64076	-13.2654	7.65	-13.25	-2.72554	-0.908516
7.49357	-13.2324	-3.13949	-0.0586047	7.51359	-13.2891	7.5	-13.2	-2.72544	0.908483
7.34296	-13.2115	-3.07539	-0.00466366	7.35762	-13.1417	7.35	-13.15	-2.72544	0.908483
7.17783	-13.2181	-3.04557	-0.0600457	7.19553	-13.2012	7.2	-13.15	-2.73035	0
7.03177	-13.2033	-2.98615	-0.0185408	7.05296	-13.1563	7.05	-13.15	-2.73035	0
6.86108	-13.1839	-3.05898	0.150154	6.87644	-13.2105	6.85	-13.15	-3.63616	0
6.68919	-13.1693	-3.06527	0.161326	6.672	-13.1364	6.65	-13.15	-3.63617	0
6.53313	-13.1959	-2.93663	-0.138543	6.53838	-13.1322	6.55	-13.15	-1.81656	0
6.41057	-13.1852	-2.83288	-0.0925018	6.46904	-13.1587	6.45	-13.15	-1.81657	0
6.24132	-13.1375	-2.97249	0.283826	6.22921	-13.0167	6.3	-13.1	-2.73109	0.910352
6.11471	-13.0964	-2.87157	0.342382	6.15723	-13.0319	6.15	-13.05	-2.73109	0.91036
5.93393	-12.9852	-3.12114	1.03682	5.95573	-12.8757	6	-12.95	-2.72331	1.81553
5.80406	-12.9025	-3.00661	1.09647	5.85711	-12.8423	5.85	-12.85	-2.72331	1.81554
5.64958	-12.8585	-2.94569	0.974052	5.73901	-12.8863	5.7	-12.8	-2.72842	0.909475
5.51672	-12.7893	-2.86712	1.01103	5.5559	-12.7556	5.55	-12.75	-2.72839	0.909466
5.35316	-12.6923	-2.96954	1.34202	5.41889	-12.699	5.4	-12.65	-2.731	1.82067
5.21304	-12.6006	-2.90513	1.38157	5.23681	-12.5467	5.25	-12.55	-2.731	1.82066
5.06032	-12.5158	-2.90029	1.44242	5.16911	-12.5003	5.15	-12.45	-1.81821	1.8182
4.96199	-12.4089	-2.73609	1.50895	5.04959	-12.3548	5.05	-12.35	-1.8182	1.8182
4.83584	-12.3251	-2.72528	1.57917	4.99996	-12.3538	4.95	-12.25	-1.99957	1.99957
4.76809	-12.2141	-2.54006	1.65529	4.86969	-12.1416	4.85	-12.15	-1.99954	1.99955
4.66223	-12.1451	-2.44157	1.50176	4.83937	-12.0439	4.8	-12.05	-0.999954	1.99993
4.63169	-12.0289	-2.19429	1.60039	4.77326	-11.9345	4.75	-11.95	-0.999959	1.99992
4.51091	-11.8721	-2.34871	2.15829	4.5839	-11.6711	4.65	-11.8	-2.0002	3.00031
4.45395	-11.7306	-2.18278	2.2355	4.54148	-11.6336	4.55	-11.65	-2.0002	3.0003
4.37475	-11.6605	-2.00376	1.84709	4.53697	-11.5591	4.55	-11.55	0	1.99749
4.37797	-11.5292	-1.72657	1.94614	4.55238	-11.4548	4.55	-11.45	0	1.99746
4.27611	-11.3338	-1.9052	2.62789	4.47604	-11.2089	4.5	-11.25	-0.90916	3.63662
4.28151	-11.1448	-1.60942	2.74057	4.45629	-11.0538	4.45	-11.05	-0.909152	3.63659
4.24661	-11.073	-1.26804	2.00163	4.39651	-10.8822	4.45	-10.95	0	1.81807
4.28432	-10.9249	-0.981719	2.10334	4.45899	-10.8664	4.45	-10.85	0	1.81808
4.25094	-10.7953	-0.948037	2.19733	4.493	-10.7885	4.45	-10.7	0	2.72865
4.29386	-10.6342	-0.692834	2.30237	4.44058	-10.5544	4.45	-10.55	0	2.72864
4.2767	-10.4998	-0.630709	2.31061	4.44399	-10.3941	4.45	-10.4	0	2.72392
4.32203	-10.3335	-0.414325	2.41092	4.44086	-10.2469	4.45	-10.25	0	2.72391
4.32797	-10.2058	-0.311462	2.3397	4.53204	-10.1814	4.5	-10.1	0.909624	2.72885
4.40426	-10.0335	-0.060171	2.45565	4.54793	-9.94716	4.55	-9.95	0.909615	2.72884
4.43201	-9.89854	0.0682498	2.35994	4.57622	-9.70975	4.6	-9.8	0.909111	2.72733
4.51827	-9.72631	0.290862	2.4726	4.64364	-9.63888	4.65	-9.65	0.909107	2.72732
4.57138	-9.60077	0.446053	2.33518	4.76627	-9.54952	4.75	-9.5	1.81921	2.7288
4.68341	-9.43251	0.679237	2.44817	4.82761	-9.37054	4.85	-9.35	1.81921	2.7288
4.74043	-9.28313	0.723662	2.50557	4.89701	-9.18082	4.9	-9.2	0.908739	2.72622
4.8433	-9.10959	0.89318	2.60337	4.94177	-9.04086	4.95	-9.05	0.908743	2.72623
4.94844	-9.0127	1.21157	2.19338	5.09012	-9.06486	5.05	-8.95	1.8169	1.81688
5.05974	-8.8708	1.32915	2.25651	5.1385	-8.8446	5.15	-8.85	1.81688	1.81688
5.14587	-8.73822	1.37109	2.27041	5.21345	-8.63875	5.25	-8.7	1.8201	2.73014
5.26483	-8.58803	1.48699	2.34347	5.33853	-8.54729	5.35	-8.55	1.82008	2.73013
5.35948	-8.46362	1.56618	2.26753	5.35874	-8.39385	5.4	-8.45	0.910244	1.82049
5.44864	-8.34235	1.57247	2.26244	5.46213	-8.36055	5.45	-8.35	0.910249	1.8205
5.51596	-8.21507	1.45042	2.42632	5.63723	-8.3352	5.55	-8.2	1.99657	2.99484
5.60656	-8.08121	1.4981	2.46164	5.63863	-8.05978	5.65	-8.05	1.99657	2.99485
5.72987	-7.96977	1.78242	2.17488	5.69655	-7.84304	5.75	-7.95	1.81871	1.81872
5.8323	-7.84903	1.79334	2.17977	5.84353	-7.85177	5.85	-7.85	1.81871	1.81871
5.96419	-7.7508	2.02693	1.95027	5.9537	-7.7033	6	-7.75	2.72961	1.81974
6.09347	-7.64132	2.06988	1.96534	6.14453	-7.66253	6.15	-7.65	2.72961	1.81974
6.19956	-7.5388	2.05741	1.99933	6.27	-7.55894	6.25	-7.55	1.9992	1.9992
6.31202	-7.43602	2.08047	2.01107	6.3386	-7.44193	6.35	-7.45	1.99918	1.99918
6.42993	-7.32639	2.09946	1.99904	6.44365	-7.32743	6.45	-7.35	1.81911	1.81911
6.54237	-7.22633	2.08888	1.97574	6.54947	-7.257	6.55	-7.25	1.81909	1.81909
6.65587	-7.13802	2.14305	1.91928	6.71635	-7.22979	6.65	-7.15	1.99996	1.99996
6.76121	-7.04061	2.13957	1.92133	6.7522	-7.03215	6.75	-7.05	1.99996	1.99996
6.89017	-6.96491	2.33422	1.74043	6.81357	-6.96259	6.85	-7	1.99752	0.998765
6.98733	-6.89811	2.28238	1.68294	6.95051	-6.93564	6.95	-6.95	1.99752	0.998765
7.11326	-6.81077	2.32795	1.62898	7.00414	-6.76319	7.1	-6.85	2.73035	1.82023
7.24131	-6.7291	2.32536	1.61129	7.25571	-6.75585	7.25	-6.75	2.73035	1.82023
7.33685	-6.63633	2.18464	1.71376	7.28718	-6.59248	7.35	-6.65	2.0006	2.0006
7.44225	-6.55179	2.17597	1.70886	7.42947	-6.54884	7.45	-6.55	2.00058	2.00058
7.57168	-6.48221	2.33302	1.58664	7.58756	-6.53752	7.55	-6.5	1.99841	0.999204
7.67621	-6.41725	2.30123	1.54596	7.65263	-6.44325	7.65	-6.45	1.99838	0.999195
7.84024	-6.36946	2.69591	1.27047	7.78988	-6.37954	7.8	-6.4	2.99952	0.999844
7.96775	-6.31702	2.67612	1.24029	7.95705	-6.33998	7.95	-6.35	2.99949	0.999829
8.04883	-6.22274	2.14897	1.55726	8.1289	-6.31809	8.05	-6.25	1.81603	1.81603
8.16316	-6.13998	2.13939	1.54796	8.15184	-6.14215	8.15	-6.15	1.81603	1.81603
8.25254	-6.0401	1.95808	1.65771	8.12981	-5.95044	8.25	-6.05	1.81921	1.81921
8.35712	-5.95129	1.95084	1.65053	8.34844	-5.95288	8.35	-5.95	1.81921	1.81921
8.5278	-5.89056	2.46381	1.35035	8.45627	-5.87026	8.5	-5.9	2.729	0.909673
8.65726	-5.82431	2.44866	1.32793	8.64546	-5.83668	8.65	-5.85	2.72898	0.909661
8.78849	-5.74872	2.45498	1.32455	8.68227	-5.68169	8.8	-5.75	2.72771	1.81848
8.93128	-5.66823	2.47353	1.34719	8.95179	-5.66017	8.95	-5.65	2.72772	1.81848
9.01314	-5.57949	2.15198	1.52301	8.99196	-5.51961	9.05	-5.55	1.99939	1.9994
9.13198	-5.48497	2.18069	1.57373	9.15234	-5.45358	9.15	-5.45	1.9994	1.9994
9.2501	-5.39939	2.16638	1.57603	9.25593	-5.41629	9.25	-5.4	1.81776	0.90888
9.36226	-5.32241	2.14927	1.54853	9.3462	-5.33648	9.35	-5.35	1.81776	0.908875
9.41052	-5.21096	1.61329	1.79484	9.35852	-5.15981	9.45	-5.2	1.81545	2.72317
9.51477	-5.09375	1.64938	1.84778	9.55586	-5.07162	9.55	-5.05	1.81542	2.72314
9.62093	-4.98862	1.76673	1.82188	9.60543	-4.91132	9.65	-4.95	1.82145	1.82147
9.72928	-4.86882	1.79477	1.87667	9.75218	-4.8384	9.75	-4.85	1.82146	1.82146
9.84388	-4.7713	1.86508	1.85071	10.0131	-4.84834	9.85	-4.75	1.81961	1.8196
9.94926	-4.66573	1.87173	1.86173	9.9571	-4.66087	9.95	-4.65	1.8196	1.8196
10.0438	-4.56893	1.88935	1.86502	9.99977	-4.51909	10.05	-4.55	1.99827	1.99828
10.1448	-4.46091	1.90547	1.90513	10.1558	-4.43582	10.15	-4.45	1.99826	1.99826
10.2186	-4.34234	1.67347	1.9984	10.1567	-4.25503	10.25	-4.3	1.81693	2.72538
10.3195	-4.20825	1.69615	2.06365	10.3312	-4.16698	10.35	-4.15	1.81692	2.72536
10.4321	-4.09456	1.8661	2.02251	10.3715	-4.04505	10.45	-4.05	1.81951	1.8195
10.5415	-3.96722	1.88262	2.06683	10.5551	-3.94162	10.55	-3.95	1.8195	1.81951
10.6454	-3.85319	1.88467	2.06742	10.6459	-3.84961	10.65	-3.85	1.81817	1.81818
10.7481	-3.74184	1.88238	2.06095	10.746	-3.7455	10.75	-3.75	1.81816	1.81817
10.8454	-3.62691	1.80116	2.08447	10.9384	-3.6422	10.85	-3.6	1.81621	2.7243
10.9487	-3.48956	1.81299	2.14458	10.9457	-3.45027	10.95	-3.45	1.8162	2.7243
10.9874	-3.3595	1.28346	2.27522	11.1095	-3.32648	11	-3.3	0.908632	2.72588
11.0598	-3.20783	1.29105	2.34482	11.0435	-3.16012	11.05	-3.15	0.908632	2.72588
11.1022	-3.06684	1.09653	2.405	10.9851	-2.95299	11.1	-3	0.909905	2.72971
11.1651	-2.90635	1.10558	2.48005	11.1542	-2.85724	11.15	-2.85	0.909888	2.72968
11.1467	-2.75999	0.511154	2.58568	11.0233	-2.67356	11.15	-2.7	0	2.72847
11.1702	-2.5975	0.505476	2.63789	11.1324	-2.55807	11.15	-2.55	0	2.72844
11.1719	-2.44855	0.266385	2.67941	11.2541	-2.42353	11.15	-2.4	0	2.72732
11.1829	-2.28911	0.261128	2.71033	11.1569	-2.2658	11.15	-2.25	0	2.72732
11.2929	-2.13375	1.05094	2.64569	11.2203	-2.08998	11.25	-2.1	1.81905	2.72856
11.3518	-1.97221	1.0542	2.68864	11.3482	-1.94557	11.35	-1.95	1.81905	2.72856
11.2886	-1.8294	0.0429378	2.75808	11.3928	-1.80815	11.3	-1.8	-0.90916	2.72747
11.2833	-1.66548	0.0299448	2.78893	11.2389	-1.64141	11.25	-1.65	-0.909152	2.72745
11.283	-1.51244	-0.00281782	2.79033	11.3341	-1.51762	11.25	-1.5	0	2.72321
11.2797	-1.35527	-0.00828719	2.79898	11.2625	-1.34833	11.25	-1.35	0	2.72321
11.2183	-1.20631	-0.534269	2.81097	11.3121	-1.19064	11.2	-1.2	-0.909524	2.72856
11.1834	-1.0536	-0.544105	2.80511	11.1556	-1.0549	11.15	-1.05	-0.909524	2.72856
11.0589	-0.909908	-1.29254	2.79745	10.9982	-0.893223	11.05	-0.9	-1.81945	2.72916
10.9809	-0.747916	-1.30477	2.81846	10.9445	-0.73319	10.95	-0.75	-1.81942	2.72913
10.9176	-0.590598	-1.20856	2.82331	10.8362	-0.586	10.9	-0.599999	-0.909839	2.72952
10.8491	-0.437663	-1.2121	2.81706	10.8388	-0.441032	10.85	-0.449999	-0.909822	2.72949
10.6691	-0.324628	-2.17185	2.73246	10.6309	-0.359954	10.7	-0.349999	-2.99538	1.99692
10.5591	-0.2097	-2.17225	2.6733	10.5529	-0.247121	10.55	-0.25	-2.99539	1.99691
10.4697	-0.0717744	-1.90954	2.65374	10.4322	-0.19515	10.45	-0.2	-1.81715	0.908579
10.3632	-0.00666895	-1.90417	2.43509	10.3505	-0.143257	10.35	-0.15	-1.81716	0.908579
10.2129	0.0907119	-2.28298	2.3236	10.2068	-0.109014	10.2	-0.0999996	-2.73194	0.910655
10.0843	0.120674	-2.27807	2.0592	10.0541	-0.0441275	10.05	-0.0499992	-2.73194	0.910655
9.93524	0.202353	-2.46144	1.96554	9.89001	0.00816785	9.9	9.49949e-07	-2.72481	0.908268
9.79593	0.216225	-2.45797	1.70938	9.75876	0.0560308	9.75	0.0500011	-2.72477	0.90826
9.69608	0.286497	-2.15054	1.65611	9.63528	0.0929341	9.65	0.100001	-1.81759	0.908784
9.57942	0.29319	-2.13884	1.42653	9.56967	0.149506	9.55	0.15	-1.81757	0.908775
9.43578	0.336804	-2.4021	1.319	9.56225	0.148577	9.4	0.15	-2.72659	0
9.29899	0.314521	-2.40076	1.05993	9.25348	0.150166	9.25	0.15	-2.72658	0
9.14859	0.347857	-2.53448	0.985704	9.0821	0.207802	9.1	0.2	-2.72925	0.909752
8.99933	0.34492	-2.54681	0.828861	8.93575	0.243169	8.95	0.25	-2.72926	0.909752
8.84682	0.369439	-2.6879	0.764556	8.94634	0.26481	8.8	0.25	-2.72783	0
8.69216	0.355225	-2.69516	0.60971	8.64483	0.254352	8.65	0.25	-2.7278	0
8.53783	0.366794	-2.72478	0.547366	8.46866	0.251128	8.5	0.25	-2.72395	0
8.38468	0.344615	-2.72609	0.402896	8.35775	0.250149	8.35	0.25	-2.72395	0
8.23557	0.337714	-2.74418	0.320936	8.28111	0.196974	8.2	0.2	-2.73278	-0.910929
8.07823	0.284625	-2.75091	0.124731	8.03004	0.154113	8.05	0.15	-2.73279	-0.910929
7.85406	0.266184	-3.42823	0.0373251	7.74678	0.154598	7.85	0.15	-3.9992	0
7.67649	0.226213	-3.43624	-0.0795231	7.63715	0.143302	7.65	0.15	-3.99916	0
7.59717	0.209775	-2.68411	-0.0994363	7.61982	0.157052	7.55	0.15	-1.99868	0
7.45948	0.190456	-2.68925	-0.139793	7.43926	0.160393	7.45	0.15	-1.99866	0
7.30738	0.167259	-2.73884	-0.184734	7.34481	0.102019	7.3	0.100001	-2.72622	-0.908734
7.15906	0.120438	-2.73384	-0.288475	7.16771	0.0463372	7.15	0.0500011	-2.72623	-0.908734
7.06014	0.0711146	-2.30967	-0.381022	7.05721	-0.05037	7.05	-0.0499995	-1.81887	-1.81889
6.93659	-0.0141116	-2.30335	-0.564159	6.95035	-0.144849	6.95	-0.15	-1.81888	-1.81889
6.84614	-0.0908482	-2.01628	-0.698641	6.87212	-0.243254	6.85	-0.25	-1.81792	-1.81792
6.73973	-0.200802	-2.01088	-0.903665	6.76317	-0.34818	6.75	-0.35	-1.81792	-1.81792
6.64469	-0.296099	-1.92064	-1.03831	6.75759	-0.453523	6.65	-0.45	-1.81881	-1.8188
6.5421	-0.417915	-1.92139	-1.22474	6.56412	-0.553924	6.55	-0.549999	-1.81879	-1.81878
6.47013	-0.553459	-1.68125	-1.43798	6.60439	-0.765755	6.45	-0.749999	-1.81971	-3.63941
6.37174	-0.731323	-1.70785	-1.7242	6.36344	-0.942514	6.35	-0.949999	-1.81969	-3.63937
6.3972	-0.925137	-0.751283	-2.14561	6.35624	-1.10001	6.35	-1.1	0	-2.99522
6.35605	-1.0985	-0.774819	-2.33648	6.36321	-1.25111	6.35	-1.25	0	-2.99519
6.34549	-1.28619	-0.465875	-2.5635	6.30992	-1.40686	6.35	-1.4	0	-2.72817
6.32208	-1.46555	-0.475546	-2.67344	6.35537	-1.55723	6.35	-1.55	0	-2.72817
6.32972	-1.64771	-0.234546	-2.82247	6.50996	-1.74616	6.35	-1.7	0	-2.72628
6.32204	-1.81174	-0.228673	-2.84625	6.35448	-1.83673	6.35	-1.85	0	-2.72628
6.31239	-1.97549	-0.224254	-2.86749	6.38849	-2.02257	6.35	-2	0	-2.73154
6.30895	-2.13199	-0.207074	-2.86274	6.35078	-2.13767	6.35	-2.15	0	-2.73152
6.30279	-2.27969	-0.164421	-2.88823	6.28921	-2.27735	6.35	-2.3	0	-2.99503
6.30089	-2.42616	-0.153664	-2.89153	6.33355	-2.43768	6.35	-2.45	0	-2.99503
6.34251	-2.61701	0.290012	-3.12666	6.30986	-2.56694	6.4	-2.6	0.909996	-2.73
6.37887	-2.77285	0.33819	-3.07749	6.45623	-2.7536	6.45	-2.75	0.91	-2.73
6.42063	-2.94431	0.523792	-3.14451	6.40481	-2.87127	6.5	-2.9	0.907593	-2.72277
6.47479	-3.08271	0.593425	-3.04346	6.54629	-3.01951	6.55	-3.05	0.907584	-2.72274
6.50244	-3.23815	0.465734	-2.94791	6.70928	-3.32749	6.55	-3.25	0	-3.63617
6.52813	-3.4149	0.457486	-2.98661	6.54763	-3.45513	6.55	-3.45	0	-3.63613
6.56944	-3.59248	0.615854	-3.09254	6.52015	-3.55608	6.6	-3.6	0.909673	-2.72901
6.61405	-3.7518	0.643752	-3.06116	6.64571	-3.73674	6.65	-3.75	0.909661	-2.72898
6.66562	-3.91047	0.729579	-3.05891	6.71319	-3.83967	6.75	-3.85	1.81795	-1.81795
6.74837	-4.02592	0.8476	-2.90859	6.85201	-3.93663	6.85	-3.95	1.81793	-1.81793
6.83839	-4.19877	1.08067	-3.02168	7.13409	-4.28567	6.9	-4.15	0.909979	-3.63994
6.91327	-4.34956	1.12129	-2.97736	6.9548	-4.32855	6.95	-4.35	0.909975	-3.6399
6.9462	-4.47252	0.823776	-2.71073	7.00947	-4.44692	7	-4.45	0.907889	-1.81577
7.01209	-4.59568	0.881087	-2.63755	7.05586	-4.55105	7.05	-4.55	0.907881	-1.81576
7.08283	-4.74973	1.02894	-2.72462	7.15974	-4.75194	7.1	-4.7	0.909789	-2.72935
7.14429	-4.87908	1.05069	-2.67221	7.13261	-4.82718	7.15	-4.85	0.909777	-2.72933
7.24594	-5.05441	1.39775	-2.91781	7.2829	-5.01975	7.25	-5	1.81861	-2.72792
7.33377	-5.19312	1.43275	-2.8602	7.34301	-5.14642	7.35	-5.15	1.81859	-2.72789
7.38572	-5.3166	1.28202	-2.7321	7.32687	-5.26205	7.4	-5.3	0.999994	-3
7.45286	-5.45116	1.28943	-2.72585	7.46174	-5.44979	7.45	-5.45	0.999999	-3
7.51603	-5.58334	1.22101	-2.63885	7.47116	-5.48352	7.55	-5.55	1.81749	-1.81749
7.60819	-5.70029	1.28894	-2.56067	7.65989	-5.6552	7.65	-5.65	1.81747	-1.81747
7.67355	-5.82691	1.18836	-2.45434	7.78563	-5.85993	7.7	-5.8	0.909598	-2.72881
7.74256	-5.95943	1.19741	-2.44709	7.75276	-5.95823	7.75	-5.95	0.909594	-2.72878
7.81255	-6.08806	1.22413	-2.4428	7.79663	-6.00945	7.85	-6.05	1.81964	-1.81964
7.90377	-6.19581	1.28887	-2.37005	7.95034	-6.15505	7.95	-6.15	1.81962	-1.81962
8.01961	-6.35211	1.69982	-2.6948	8.04642	-6.30578	8.05	-6.3	1.99731	-2.99599
8.11922	-6.47131	1.73879	-2.65156	8.14855	-6.44643	8.15	-6.45	1.99732	-2.99598
8.17051	-6.56983	1.3196	-2.27472	8.26534	-6.60186	8.2	-6.55	0.909111	-1.81822
8.25008	-6.68111	1.34159	-2.23936	8.25279	-6.64996	8.25	-6.65	0.909111	-1.81822
8.32267	-6.80625	1.37409	-2.27418	8.2109	-6.73286	8.3	-6.8	0.90845	-2.72534
8.38571	-6.94056	1.34261	-2.30084	8.35448	-6.94719	8.35	-6.95	0.908442	-2.72531
8.4965	-7.10415	1.61745	-2.55205	8.61718	-7.22425	8.45	-7.1	1.81925	-2.72886
8.5752	-7.24961	1.59301	-2.56836	8.54666	-7.24803	8.55	-7.25	1.81924	-2.72886
8.65635	-7.37954	1.51901	-2.48844	8.69659	-7.3744	8.65	-7.35	1.82079	-1.8208
8.75063	-7.49146	1.55458	-2.42695	8.74711	-7.43338	8.75	-7.45	1.8208	-1.8208
8.82881	-7.61493	1.60686	-2.4769	8.68846	-7.50096	8.8	-7.6	0.997629	-2.99288
8.8928	-7.74943	1.56641	-2.50796	8.84984	-7.75349	8.85	-7.75	0.997629	-2.99288
8.94059	-7.85916	1.30762	-2.29175	8.77486	-7.80083	8.9	-7.9	0.909127	-2.72742
8.98597	-8.01689	1.2349	-2.37528	8.94604	-8.07116	8.95	-8.05	0.909127	-2.7274
9.02372	-8.12481	1.02064	-2.19127	8.92041	-8.11276	9	-8.15	0.909524	-1.81903
9.06495	-8.24914	0.986468	-2.20635	9.01893	-8.23506	9.05	-8.25	0.909516	-1.81902
9.1245	-8.38258	1.06604	-2.30047	9.04724	-8.3711	9.1	-8.4	0.909922	-2.72975
9.17496	-8.51813	1.04395	-2.32443	9.1628	-8.53304	9.15	-8.55	0.909913	-2.72976
9.2572	-8.67746	1.31796	-2.60752	9.09379	-8.55764	9.25	-8.7	1.8169	-2.72535
9.33162	-8.82816	1.31863	-2.62277	9.3508	-8.85468	9.35	-8.85	1.81688	-2.72532
9.39532	-8.96232	1.2401	-2.54229	9.40597	-8.96981	9.4	-9	0.910219	-2.73069
9.4538	-9.12012	1.2103	-2.5867	9.45338	-9.162	9.45	-9.15	0.910228	-2.73069
9.51192	-9.25562	1.19374	-2.59302	9.51544	-9.36256	9.5	-9.3	0.997908	-2.99371
9.56389	-9.4038	1.16743	-2.63641	9.56994	-9.45148	9.55	-9.45	0.997908	-2.99372
9.59333	-9.51196	0.857607	-2.31739	9.62712	-9.59131	9.6	-9.55	0.909971	-1.81993
9.63855	-9.64695	0.849724	-2.335	9.64603	-9.66938	9.65	-9.65	0.909954	-1.81992
9.67168	-9.76508	0.749988	-2.24223	9.63311	-9.79216	9.65	-9.8	0	-2.73054
9.68664	-9.91517	0.679299	-2.31219	9.64842	-9.95866	9.65	-9.95	0	-2.73053
9.74104	-10.0613	0.903312	-2.57284	9.61381	-9.98703	9.7	-10.1	0.998187	-2.99456
9.77014	-10.2097	0.858158	-2.62187	9.7516	-10.2483	9.75	-10.25	0.998187	-2.99455
9.81722	-10.3578	0.876252	-2.65238	9.7698	-10.3568	9.8	-10.4	0.909806	-2.7294
9.86077	-10.5131	0.861489	-2.67503	9.8633	-10.5382	9.85	-10.55	0.909797	-2.72938
9.88225	-10.6335	0.645466	-2.44158	9.8617	-10.6917	9.85	-10.7	0	-2.72718
9.88705	-10.7996	0.562037	-2.52273	9.84674	-10.8547	9.85	-10.85	0	-2.72715
9.89802	-10.9222	0.441584	-2.40273	9.75887	-10.887	9.85	-11	0	-2.72395
9.89466	-11.0856	0.365048	-2.48075	9.86442	-11.1448	9.85	-11.15	0	-2.72395
9.91215	-11.2281	0.359766	-2.49927	9.87245	-11.316	9.85	-11.3	0	-2.73074
9.89803	-11.3966	0.268894	-2.57953	9.85036	-11.4464	9.85	-11.45	0	-2.73075
9.91058	-11.5427	0.242461	-2.56602	9.93142	-11.6783	9.85	-11.6	0	-2.72396
9.89017	-11.708	0.154884	-2.6303	9.83174	-11.7336	9.85	-11.75	0	-2.72396
9.88229	-11.8258	0.0450108	-2.50948	9.80843	-11.8702	9.8	-11.9	-1.0005	-3.00149
9.83419	-11.9915	-0.0882561	-2.61407	9.75331	-12.0506	9.75	-12.05	-1.0005	-3.0015
9.76438	-12.0513	-0.631225	-1.91561	9.64519	-12.1714	9.65	-12.15	-1.81799	-1.81797
9.66761	-12.1962	-0.791425	-2.02248	9.55524	-12.2329	9.55	-12.25	-1.81797	-1.81797
9.62105	-12.3244	-0.759672	-2.12133	9.47014	-12.4324	9.45	-12.4	-1.82042	-2.73064
9.49166	-12.4982	-0.987864	-2.2732	9.34172	-12.5587	9.35	-12.55	-1.82041	-2.73063
9.40357	-12.566	-1.27705	-1.88993	9.21558	-12.6577	9.25	-12.65	-1.99893	-1.99891
9.27569	-12.7018	-1.44457	-1.99853	9.16462	-12.7506	9.15	-12.75	-1.99891	-1.9989
9.1807	-12.794	-1.55651	-1.84772	9.08802	-12.8351	9.05	-12.85	-1.81839	-1.81839
9.04668	-12.9221	-1.6819	-1.91911	8.95936	-12.9426	8.95	-12.95	-1.81838	-1.81838
8.90686	-12.9461	-2.12175	-1.22168	8.8569	-13.1416	8.8	-13	-2.72942	-0.909806
8.74247	-13.0357	-2.24463	-1.28374	8.65422	-13.0444	8.65	-13.05	-2.72941	-0.909806
8.62392	-13.1031	-2.25052	-1.30929	8.49168	-13.0983	8.5	-13.15	-2.99987	-1.99991
8.44996	-13.2021	-2.41134	-1.39757	8.3436	-13.2381	8.35	-13.25	-2.99984	-1.9999
8.2875	-13.1741	-2.79617	-0.668532	8.19421	-13.0768	8.25	-13.2	-1.99797	0.998985
8.15654	-13.1937	-2.7683	-0.638503	8.15674	-13.1486	8.15	-13.15	-1.99797	0.998985
8.00938	-13.2392	-2.71461	-0.737404	7.9999	-13.1879	8	-13.2	-2.73	-0.910004
7.86058	-13.2747	-2.71154	-0.727287	7.85314	-13.2533	7.85	-13.25	-2.73	-0.910004
7.68022	-13.2429	-2.97982	-0.19273	7.57824	-13.1345	7.65	-13.25	-3.62957	0
7.49595	-13.2576	-3.03014	-0.20679	7.45422	-13.2433	7.45	-13.25	-3.62953	0
7.32856	-13.266	-3.04122	-0.182379	7.33241	-13.2718	7.3	-13.25	-2.7301	0
7.15496	-13.2707	-3.05482	-0.173662	7.13166	-13.2372	7.15	-13.25	-2.73007	0
6.98251	-13.2611	-3.09926	-0.0551145	6.97467	-13.1643	7	-13.25	-2.72703	0
6.82719	-13.2555	-3.05864	-0.0342399	6.84852	-13.2404	6.85	-13.25	-2.727	0
6.64944	-13.2164	-3.1897	0.3008	6.7113	-13.2598	6.7	-13.2	-2.72742	0.909144
6.50725	-13.1835	-3.10129	0.341403	6.55626	-13.1584	6.55	-13.15	-2.72742	0.909144
6.32721	-13.1189	-3.20442	0.639861	6.32545	-12.9303	6.4	-13.1	-2.72703	0.908994
6.19034	-13.0672	-3.10046	0.682125	6.25112	-13.0473	6.25	-13.05	-2.727	0.908995
6.02505	-13.027	-3.08862	0.693204	6.09711	-13.0021	6.1	-13	-2.73	0.910004
5.89396	-12.9746	-2.98716	0.730663	5.95513	-12.9613	5.95	-12.95	-2.72998	0.909996
5.74979	-12.9354	-3.00253	0.808181	5.89343	-13.1185	5.8	-12.9	-2.99275	0.99759
5.62696	-12.8779	-2.92674	0.847235	5.6635	-12.8347	5.65	-12.85	-2.99275	0.99758
5.4696	-12.8064	-2.97483	1.05826	5.61778	-12.8527	5.55	-12.75	-1.81993	1.81994
5.36892	-12.7121	-2.80374	1.14218	5.45219	-12.6228	5.45	-12.65	-1.81994	1.81994
5.21769	-12.6168	-2.83593	1.33606	5.30917	-12.4284	5.35	-12.55	-1.81722	1.81723
5.13834	-12.5093	-2.6305	1.41908	5.25069	-12.4448	5.25	-12.45	-1.81721	1.81721
4.99568	-12.4014	-2.68888	1.66693	5.13338	-12.4375	5.1	-12.35	-2.72881	1.8192
4.8881	-12.2949	-2.58213	1.7049	4.9499	-12.2734	4.95	-12.25	-2.72881	1.81921
4.7672	-12.223	-2.47413	1.50609	4.92993	-12.1787	4.9	-12.15	-0.908467	1.81693
4.71586	-12.1044	-2.24691	1.5939	4.84027	-12.0359	4.85	-12.05	-0.908462	1.81692
4.59118	-11.9512	-2.37722	2.12131	4.79909	-11.9738	4.75	-11.9	-1.81788	2.72684
4.53152	-11.8068	-2.18732	2.19092	4.63814	-11.758	4.65	-11.75	-1.81788	2.72683
4.43588	-11.7164	-2.0258	1.84732	4.50688	-11.4491	4.6	-11.65	-0.909963	1.81994
4.40908	-11.5852	-1.80097	1.92445	4.5399	-11.541	4.55	-11.55	-0.909959	1.81992
4.30469	-11.3995	-1.95162	2.51811	4.46798	-11.2692	4.5	-11.35	-0.909227	3.63689
4.29946	-11.2224	-1.6788	2.61723	4.45518	-11.1556	4.45	-11.15	-0.909218	3.63686
4.2523	-11.146	-1.42641	2.08068	4.47788	-11.2387	4.4	-11.05	-0.909227	1.81845
4.24985	-11.0027	-1.22329	2.15601	4.36691	-10.9529	4.35	-10.95	-0.909222	1.81844
4.21152	-10.896	-1.08529	1.96713	4.34978	-10.6819	4.4	-10.8	0.9094	2.72823
4.26016	-10.743	-0.794467	2.08303	4.42489	-10.6572	4.45	-10.65	0.909396	2.72819
4.2295	-10.5975	-0.844758	2.38351	4.45256	-10.5332	4.45	-10.5	0	3.00113
4.28667	-10.436	-0.577404	2.49455	4.44692	-10.3512	4.45	-10.35	0	3.00113
4.28584	-10.3056	-0.459535	2.41116	4.41237	-9.99477	4.5	-10.2	0.999524	2.99855
4.3719	-10.1378	-0.166444	2.53756	4.5556	-10.0446	4.55	-10.05	0.999524	2.99856
4.39053	-10.0043	-0.0741913	2.51314	4.57379	-9.85032	4.6	-9.9	0.998267	2.9948
4.48585	-9.83456	0.191378	2.63354	4.65841	-9.75093	4.65	-9.75	0.998262	2.99479
4.55199	-9.73538	0.531962	2.11963	4.60255	-9.4741	4.7	-9.65	0.910924	1.82187
4.64176	-9.59057	0.694028	2.19895	4.74425	-9.53907	4.75	-9.55	0.910928	1.82186
4.68304	-9.44609	0.656104	2.35211	4.78405	-9.35872	4.8	-9.4	0.908038	2.72411
4.77612	-9.29094	0.807217	2.42665	4.87523	-9.25457	4.85	-9.25	0.908033	2.7241
4.84188	-9.15458	0.89665	2.37893	4.92663	-9.02336	4.95	-9.1	1.81851	2.72776
4.94724	-8.99762	1.04484	2.45606	5.04624	-8.96378	5.05	-8.95	1.81852	2.72777
5.02548	-8.85665	1.12852	2.42702	5.1055	-8.72095	5.15	-8.8	1.8165	2.72476
5.15125	-8.69002	1.29683	2.5238	5.26299	-8.64398	5.25	-8.65	1.8165	2.72475
5.27461	-8.58855	1.61465	2.15709	5.34134	-8.5519	5.35	-8.55	1.82159	1.8216
5.38785	-8.45669	1.67936	2.19698	5.43218	-8.43885	5.45	-8.45	1.82157	1.82157
5.47316	-8.32793	1.61622	2.27978	5.5122	-8.36624	5.5	-8.35	0.908054	1.81609
5.5526	-8.21198	1.58966	2.25486	5.54143	-8.23537	5.55	-8.25	0.908054	1.8161
5.69783	-8.14397	1.99583	1.77442	5.72065	-8.20245	5.7	-8.15	2.72851	1.81902
5.82237	-8.03852	2.03412	1.79902	5.85207	-8.0316	5.85	-8.05	2.72849	1.81899
5.89766	-7.90468	1.73924	2.13494	5.99121	-7.96746	5.95	-7.9	1.81851	2.72777
6.01341	-7.77289	1.79211	2.17668	6.04955	-7.75139	6.05	-7.75	1.81852	2.72777
6.13359	-7.6693	1.92218	2.05187	6.20599	-7.74241	6.15	-7.65	1.81739	1.81739
6.24092	-7.55732	1.92548	2.05079	6.2473	-7.56333	6.25	-7.55	1.81739	1.81739
6.35367	-7.44921	1.9618	2.01902	6.39144	-7.48582	6.35	-7.45	1.8164	1.81641
6.45462	-7.34594	1.94252	1.99775	6.44526	-7.36223	6.45	-7.35	1.81638	1.81638
6.59607	-7.25843	2.17079	1.80264	6.66209	-7.31025	6.6	-7.25	2.72856	1.81904
6.72622	-7.15138	2.19846	1.82655	6.74856	-7.14204	6.75	-7.15	2.72856	1.81904
6.83481	-7.04468	2.11192	1.89415	6.83447	-7.05268	6.85	-7.05	1.82066	1.82066
6.95567	-6.94353	2.1217	1.89059	6.97717	-6.96144	6.95	-6.95	1.82065	1.82065
7.09823	-6.86823	2.37331	1.70407	7.13677	-6.88363	7.1	-6.85	2.99976	1.99984
7.23017	-6.76946	2.40783	1.74273	7.2552	-6.74652	7.25	-6.75	2.99976	1.99984
7.28797	-6.64827	1.96201	2.06081	7.234	-6.59525	7.3	-6.65	0.999384	1.99876
7.37432	-6.54862	1.93527	2.04553	7.33491	-6.53948	7.35	-6.55	0.999369	1.99874
7.58735	-6.50491	2.73102	1.46264	7.67988	-6.69347	7.5	-6.55	2.72747	0
7.70182	-6.47113	2.63637	1.3334	7.64389	-6.55777	7.65	-6.55	2.72745	0
7.79852	-6.38737	2.24132	1.56054	7.94309	-6.60222	7.75	-6.45	1.81623	1.81624
7.89985	-6.32034	2.18709	1.50364	7.84566	-6.34021	7.85	-6.35	1.81623	1.81624
8.05225	-6.2623	2.48828	1.28135	7.9171	-6.24084	8	-6.3	2.72648	0.908821
8.17506	-6.20779	2.45256	1.23569	8.14601	-6.23101	8.15	-6.25	2.72645	0.908817
8.23642	-6.10433	1.84537	1.6118	8.37368	-6.18614	8.25	-6.1	1.81898	2.72847
8.34758	-5.99649	1.87266	1.66292	8.35502	-5.95811	8.35	-5.95	1.81897	2.72844
8.525	-5.93566	2.46673	1.32596	8.43843	-5.87193	8.5	-5.9	2.72647	0.90883
8.65614	-5.86545	2.4563	1.31691	8.64201	-5.86567	8.65	-5.85	2.72645	0.908817
8.75025	-5.77338	2.13269	1.49925	8.76652	-5.75601	8.75	-5.75	1.81789	1.81788
8.86786	-5.67989	2.13711	1.5261	8.85198	-5.65134	8.85	-5.65	1.81789	1.81788
9.01116	-5.59735	2.3589	1.43485	8.91028	-5.47662	9	-5.55	2.73109	1.82073
9.14493	-5.50023	2.37355	1.48175	9.13482	-5.45989	9.15	-5.45	2.73106	1.82072
9.2482	-5.40415	2.13075	1.61239	9.32693	-5.39468	9.25	-5.35	1.81796	1.81795
9.36292	-5.30056	2.13065	1.64791	9.33045	-5.26019	9.35	-5.25	1.81794	1.81793
9.50288	-5.2102	2.31711	1.5842	9.4498	-5.12838	9.5	-5.15	2.72905	1.81937
9.63888	-5.0959	2.34253	1.65606	9.63754	-5.04328	9.65	-5.05	2.72903	1.81935
9.6861	-4.98948	1.748	1.9095	9.83281	-5.00671	9.7	-4.95	0.998666	1.99733
9.77243	-4.88072	1.74994	1.94174	9.74856	-4.84745	9.75	-4.85	0.998656	1.99731
9.88112	-4.77749	1.82186	1.9157	9.96003	-4.81123	9.85	-4.75	1.8172	1.81719
9.97257	-4.67331	1.80464	1.90856	9.93394	-4.66432	9.95	-4.65	1.81717	1.81717
10.0792	-4.56989	1.84521	1.89681	10.1357	-4.58625	10.05	-4.55	1.82042	1.82043
10.1753	-4.46057	1.83646	1.90757	10.1444	-4.44253	10.15	-4.45	1.82041	1.82042
10.3286	-4.36574	2.25083	1.77544	10.3185	-4.35401	10.3	-4.35	2.72672	1.81782
10.4534	-4.26135	2.25428	1.793	10.4496	-4.24828	10.45	-4.25	2.7267	1.8178
10.4731	-4.13766	1.39032	2.06731	10.5826	-4.11494	10.5	-4.1	0.908764	2.72628
10.5557	-3.99784	1.40772	2.13668	10.5542	-3.95161	10.55	-3.95	0.908764	2.72628
10.6433	-3.87409	1.47553	2.14078	10.6618	-3.80699	10.65	-3.8	1.8194	2.72911
10.738	-3.71717	1.50922	2.24725	10.7602	-3.65417	10.75	-3.65	1.81939	2.72908
10.8529	-3.59433	1.75668	2.19814	10.8593	-3.57039	10.85	-3.55	1.81839	1.81838
10.9477	-3.47219	1.75349	2.20074	10.9375	-3.46792	10.95	-3.45	1.81838	1.81838
10.9822	-3.34037	1.24671	2.31984	11.0183	-3.30073	11	-3.3	0.908549	2.72563
11.0577	-3.18719	1.26345	2.38868	11.0672	-3.14607	11.05	-3.15	0.908549	2.72564
11.1039	-3.05027	1.07482	2.43329	11.1054	-3.01303	11.1	-3	0.90888	2.72663
11.1631	-2.89208	1.07842	2.49708	11.1428	-2.8481	11.15	-2.85	0.908863	2.72661
11.2087	-2.74952	0.978264	2.52449	11.1758	-2.69942	11.2	-2.7	0.909988	2.72995
11.2636	-2.58523	0.983301	2.59213	11.2495	-2.5409	11.25	-2.55	0.909988	2.72995
11.2079	-2.44239	0.0218161	2.71164	11.4549	-2.46508	11.2	-2.4	-0.907692	2.72306
11.2047	-2.27485	0.0155763	2.75844	11.1705	-2.24061	11.15	-2.25	-0.907683	2.72304
11.3265	-2.11778	1.02136	2.67003	11.2202	-2.08176	11.25	-2.1	1.8219	2.73284
11.3777	-1.97221	1.01252	2.6662	11.3536	-1.97104	11.35	-1.95	1.82188	2.73281
11.3598	-1.82466	0.463872	2.70898	11.224	-1.77367	11.35	-1.8	0	2.71996
11.3831	-1.66387	0.460334	2.73878	11.3661	-1.64386	11.35	-1.65	0	2.71993
11.3746	-1.51298	0.221919	2.75382	11.2691	-1.47976	11.35	-1.5	0	2.73448
11.3792	-1.35666	0.208754	2.76634	11.3391	-1.34511	11.35	-1.35	0	2.73446
11.2588	-1.22874	-0.846957	2.78555	11.2507	-1.19626	11.25	-1.2	-1.99969	2.99952
11.207	-1.07343	-0.862754	2.82663	11.1532	-1.04324	11.15	-1.05	-1.99967	2.99949
11.1385	-0.930732	-1.01499	2.83289	10.9697	-0.89157	11.1	-0.9	-1.00006	3.00024
11.0848	-0.772457	-1.02018	2.87703	11.0654	-0.742685	11.05	-0.75	-1.00006	3.00021
10.9764	-0.626455	-1.42386	2.8473	10.8913	-0.655608	10.95	-0.649999	-1.81771	1.81773
10.8885	-0.499728	-1.43917	2.76563	10.8418	-0.549005	10.85	-0.549999	-1.81772	1.81773
10.7945	-0.360572	-1.57143	2.73024	10.827	-0.442912	10.75	-0.45	-1.81842	1.8184
10.7008	-0.264244	-1.5806	2.58454	10.6642	-0.353413	10.65	-0.35	-1.8184	1.81839
10.5209	-0.164029	-2.41702	2.49263	10.5503	-0.248633	10.5	-0.25	-3.00035	2.00024
10.3923	-0.0876253	-2.42603	2.36172	10.3487	-0.171899	10.35	-0.15	-3.00032	2.00022
10.2898	0.0170972	-2.26127	2.32943	10.2559	-0.115293	10.25	-0.0999996	-2.00053	1.00027
10.1717	0.0695163	-2.26356	2.15572	10.137	-0.0462889	10.15	-0.0499992	-2.00053	1.00027
10.0735	0.161033	-2.13989	2.11539	10.0717	0.0165033	10.05	9.49949e-07	-2.00009	1.00004
9.96251	0.192747	-2.13873	1.91415	9.92833	0.0556031	9.95	0.0500011	-2.00006	1.00003
9.80877	0.249631	-2.54652	1.79097	9.8478	0.0279858	9.8	0.0500011	-3.00025	0
9.68008	0.234302	-2.53725	1.50563	9.65029	0.0372757	9.65	0.0500011	-3.00024	0
9.52654	0.280206	-2.77057	1.41556	9.54682	0.0997641	9.5	0.100001	-2.99825	0.999409
9.38245	0.278297	-2.77257	1.21684	9.33515	0.138463	9.35	0.15	-2.99825	0.999409
9.29274	0.32208	-2.30775	1.17109	9.46113	0.134275	9.25	0.15	-1.81915	0
9.1644	0.307391	-2.30331	0.954679	9.13787	0.161547	9.15	0.15	-1.81913	0
9.00319	0.329062	-2.69748	0.867496	9.02723	0.196492	9	0.2	-2.99927	0.99976
8.86251	0.330927	-2.70397	0.75319	8.82128	0.250523	8.85	0.25	-2.99927	0.99976
8.70556	0.349471	-2.8773	0.693396	8.67607	0.247512	8.7	0.25	-2.99873	0
8.56134	0.337803	-2.87398	0.56559	8.54916	0.247046	8.55	0.25	-2.99871	0
8.42104	0.351989	-2.73706	0.523422	8.44086	0.253341	8.4	0.25	-2.72872	0
8.26566	0.339084	-2.74274	0.407938	8.2302	0.258614	8.25	0.25	-2.72871	0
8.11384	0.333258	-2.86719	0.330018	8.1066	0.204722	8.1	0.2	-2.99909	-0.9997
7.96932	0.275666	-2.86377	0.123863	7.94777	0.127954	7.95	0.15	-2.9991	-0.9997
7.8152	0.259173	-2.9612	0.0574213	7.82213	0.149733	7.8	0.15	-3.00101	0
7.66305	0.226184	-2.96634	-0.0429536	7.63383	0.15164	7.65	0.15	-3.00099	0
7.52393	0.201399	-2.76155	-0.102063	7.49691	0.101076	7.5	0.100001	-2.72698	-0.908982
7.3696	0.152706	-2.76439	-0.223344	7.35046	0.0656199	7.35	0.0500011	-2.72695	-0.908974
7.27142	0.112207	-2.39242	-0.302385	7.13188	-0.00451978	7.25	9.49949e-07	-2.00032	-1.00016
7.15223	0.047948	-2.39101	-0.441664	7.14965	-0.0559868	7.15	-0.0499992	-2.0003	-1.00015
6.9805	-0.010362	-2.65889	-0.538545	6.77233	-0.150907	7	-0.15	-2.72534	-1.8169
6.83839	-0.101055	-2.65243	-0.71262	6.85872	-0.227918	6.85	-0.25	-2.72532	-1.81688
6.80609	-0.195659	-1.79309	-0.901609	6.70421	-0.347264	6.8	-0.349999	-1.00053	-2.00107
6.72077	-0.303061	-1.78967	-1.0805	6.74687	-0.441006	6.75	-0.449999	-1.00054	-2.00107
6.62568	-0.394477	-1.8641	-1.1846	6.72084	-0.550555	6.65	-0.549999	-2.00016	-2.00017
6.53367	-0.505387	-1.86851	-1.33363	6.54837	-0.624094	6.55	-0.65	-2.00016	-2.00017
6.49928	-0.636542	-1.33265	-1.56428	6.40088	-0.78131	6.5	-0.799999	-0.999884	-2.99963
6.4319	-0.787512	-1.34763	-1.77469	6.44859	-0.960126	6.45	-0.949999	-0.999884	-2.99963
6.39806	-0.935035	-1.03939	-1.98412	6.37766	-1.0844	6.4	-1.1	-0.999984	-2.99995
6.34347	-1.09516	-1.06035	-2.16027	6.35596	-1.24356	6.35	-1.25	-0.999969	-2.99992
6.35846	-1.27307	-0.520306	-2.44877	6.5527	-1.43518	6.35	-1.4	0	-3.00132
6.33175	-1.43972	-0.537157	-2.57591	6.35503	-1.55184	6.35	-1.55	0	-3.00129
6.31385	-1.60079	-0.430908	-2.65504	6.33086	-1.6454	6.35	-1.65	0	-1.81769
6.29895	-1.7453	-0.413794	-2.64902	6.34356	-1.7483	6.35	-1.75	0	-1.81769
6.32494	-1.91994	-0.00286428	-2.87055	6.34522	-1.96081	6.35	-1.95	0	-3.99976
6.32496	-2.07971	-0.0103701	-2.91611	6.34095	-2.12276	6.35	-2.15	0	-3.99972
6.31003	-2.21941	-0.130264	-2.86585	6.3068	-2.23646	6.35	-2.25	0	-2
6.31165	-2.35772	-0.112435	-2.84994	6.34785	-2.35274	6.35	-2.35	0	-1.99998
6.31259	-2.50272	-0.0415267	-2.88055	6.26272	-2.46894	6.35	-2.5	0	-3
6.31985	-2.64319	-0.0218817	-2.86818	6.36265	-2.64414	6.35	-2.65	0	-3
6.36844	-2.816	0.400755	-3.09483	6.38105	-2.77438	6.4	-2.8	1.00003	-3.00012
6.40275	-2.96096	0.43383	-3.06417	6.461	-2.95066	6.45	-2.95	1.00003	-3.00009
6.4672	-3.14833	0.798719	-3.29625	6.50958	-3.15806	6.5	-3.15	0.999284	-3.99712
6.51264	-3.32345	0.80337	-3.32159	6.55345	-3.36165	6.55	-3.35	0.999284	-3.99712
6.53675	-3.47089	0.560069	-3.10999	6.64067	-3.46888	6.6	-3.45	0.909922	-1.81983
6.58709	-3.61255	0.616693	-3.02701	6.63536	-3.55462	6.65	-3.55	0.909917	-1.81984
6.65017	-3.76875	0.845619	-3.12616	6.70376	-3.69784	6.7	-3.7	0.999335	-2.99802
6.71011	-3.89904	0.896868	-3.05254	6.75151	-3.84595	6.75	-3.85	0.99934	-2.99802
6.75022	-4.04477	0.824311	-2.9569	6.65288	-3.91672	6.8	-4	0.908549	-2.72564
6.81279	-4.18765	0.871168	-2.90014	6.85764	-4.15466	6.85	-4.15	0.908537	-2.72561
6.83992	-4.31012	0.622806	-2.66618	6.9447	-4.2991	6.9	-4.25	0.90988	-1.81977
6.89993	-4.41769	0.698417	-2.55849	6.94846	-4.34203	6.95	-4.35	0.909876	-1.81975
6.9694	-4.55739	0.923047	-2.68176	7.09552	-4.55441	7	-4.5	1.00008	-3.00024
7.02357	-4.67722	0.947815	-2.64316	7.03506	-4.6461	7.05	-4.65	1.00008	-3.00024
7.12493	-4.84793	1.35595	-2.93906	7.25009	-4.88515	7.15	-4.8	1.99984	-2.99976
7.21315	-4.97169	1.41134	-2.87352	7.26242	-4.9318	7.25	-4.95	1.99984	-2.99976
7.25079	-5.07635	1.0832	-2.58872	7.33292	-5.08676	7.3	-5.05	1.00028	-2.00057
7.31957	-5.18792	1.12363	-2.53913	7.3521	-5.15533	7.35	-5.15	1.00028	-2.00056
7.38068	-5.31232	1.14772	-2.53979	7.40318	-5.28627	7.4	-5.3	1.00003	-3.00012
7.43834	-5.44014	1.14781	-2.5417	7.44098	-5.44336	7.45	-5.45	1.00004	-3.00012
7.50863	-5.57404	1.26513	-2.62363	7.46878	-5.50726	7.55	-5.55	1.99961	-1.99961
7.5979	-5.68103	1.33284	-2.55446	7.66561	-5.647	7.65	-5.65	1.9996	-1.9996
7.65948	-5.8009	1.26787	-2.49272	7.70927	-5.8194	7.7	-5.8	1.00027	-3.00084
7.72722	-5.93203	1.27339	-2.50635	7.75724	-5.96146	7.75	-5.95	1.00028	-3.00084
7.79933	-6.05923	1.36596	-2.56682	7.71187	-5.94164	7.85	-6.05	1.9998	-1.99981
7.89016	-6.16866	1.42362	-2.51235	7.95005	-6.14609	7.95	-6.15	1.9998	-1.9998
7.94014	-6.26666	1.19725	-2.29908	8.03808	-6.28852	8	-6.25	1.00004	-2.00008
8.01221	-6.37101	1.2287	-2.26885	8.04346	-6.35767	8.05	-6.35	1.00004	-2.00008
8.11697	-6.52129	1.59909	-2.57833	8.1071	-6.48544	8.15	-6.5	1.99951	-2.99928
8.20993	-6.64702	1.62827	-2.56511	8.25742	-6.66007	8.25	-6.65	1.9995	-2.99925
8.25788	-6.74182	1.21598	-2.18764	8.38768	-6.7963	8.3	-6.75	0.90921	-1.81841
8.3256	-6.86359	1.2171	-2.19073	8.33159	-6.8699	8.35	-6.85	0.90921	-1.81841
8.41424	-6.99958	1.39855	-2.35396	8.58336	-7.15056	8.4	-7	1.0001	-3.00036
8.47422	-7.1297	1.37099	-2.38707	8.45779	-7.15285	8.45	-7.15	1.00011	-3.00036
8.54594	-7.25285	1.45329	-2.46087	8.37938	-7.10665	8.55	-7.25	1.99907	-1.99908
8.62858	-7.36476	1.48025	-2.43079	8.647	-7.3454	8.65	-7.35	1.99908	-1.99908
8.71027	-7.49682	1.53333	-2.48821	8.76035	-7.57239	8.7	-7.5	1.00058	-3.00174
8.77666	-7.63439	1.5047	-2.52295	8.76121	-7.66039	8.75	-7.65	1.00057	-3.00171
8.81699	-7.72848	1.20949	-2.2555	8.81118	-7.75569	8.8	-7.75	0.999844	-1.99968
8.86975	-7.84344	1.19185	-2.26387	8.84363	-7.83628	8.85	-7.85	0.999844	-1.99968
8.98353	-8.01236	1.62854	-2.68011	9.07758	-8.1058	8.95	-8	2.00017	-3.00024
9.06061	-8.15089	1.61693	-2.69225	9.05238	-8.15838	9.05	-8.15	2.00014	-3.00021
9.10124	-8.24599	1.2863	-2.37898	9.05557	-8.22632	9.1	-8.25	0.998905	-1.99781
9.16442	-8.36255	1.28496	-2.37384	9.15492	-8.35136	9.15	-8.35	0.998886	-1.99779
9.23198	-8.49081	1.23466	-2.32844	9.30408	-8.57245	9.2	-8.5	0.908863	-2.72657
9.28532	-8.63098	1.19704	-2.36174	9.2543	-8.64461	9.25	-8.65	0.908855	-2.72655
9.33788	-8.75533	1.15168	-2.33731	9.15971	-8.67035	9.3	-8.8	0.909475	-2.72841
9.38043	-8.90823	1.09472	-2.40076	9.35164	-8.95148	9.35	-8.95	0.909466	-2.72839
9.45834	-9.06211	1.29217	-2.62454	9.47941	-9.179	9.4	-9.1	0.999765	-2.99935
9.4966	-9.21519	1.22395	-2.68434	9.44272	-9.24111	9.45	-9.25	0.999774	-2.99934
9.52633	-9.32417	0.900511	-2.35697	9.53008	-9.38561	9.5	-9.35	0.908962	-1.81792
9.57757	-9.44935	0.90638	-2.34633	9.5752	-9.43724	9.55	-9.45	0.908954	-1.8179
9.62905	-9.58453	0.933402	-2.3861	9.60163	-9.60777	9.6	-9.6	0.909988	-2.72996
9.66153	-9.73258	0.883858	-2.43122	9.62903	-9.75552	9.65	-9.75	0.909971	-2.72993
9.71984	-9.8818	0.979203	-2.54479	9.69155	-9.89958	9.7	-9.9	0.907972	-2.7239
9.7628	-10.032	0.950207	-2.57128	9.74482	-10.046	9.75	-10.05	0.907972	-2.72391
9.78597	-10.1457	0.738302	-2.35473	9.69256	-10.1336	9.75	-10.2	0	-2.73106
9.79675	-10.304	0.65861	-2.43018	9.75264	-10.3488	9.75	-10.35	0	-2.73105
9.85826	-10.467	0.91954	-2.7427	9.82419	-10.5024	9.8	-10.5	1	-2.99999
9.87867	-10.6249	0.852846	-2.79827	9.83234	-10.6514	9.85	-10.65	0.999994	-2.99996
9.90534	-10.751	0.744327	-2.68743	9.825	-10.7525	9.85	-10.8	0	-3.00047
9.90838	-10.9151	0.653829	-2.76574	9.85033	-10.9603	9.85	-10.95	0	-3.00048
9.90036	-11.0058	0.287246	-2.342	9.91881	-11.1448	9.85	-11.05	0	-1.9956
9.89658	-11.1361	0.240395	-2.37724	9.86057	-11.1502	9.85	-11.15	0	-1.99559
9.90712	-11.2696	0.243074	-2.39648	9.83851	-11.2795	9.85	-11.3	0	-2.73184
9.89128	-11.4228	0.167114	-2.45426	9.83839	-11.4483	9.85	-11.45	0	-2.73182
9.89139	-11.5452	0.1297	-2.43442	9.79654	-11.5922	9.8	-11.6	-0.998566	-2.9957
9.84773	-11.7037	-0.000962443	-2.532	9.75592	-11.7487	9.75	-11.75	-0.998566	-2.99569
9.84922	-11.8561	0.0410555	-2.61481	9.77699	-11.9246	9.75	-11.9	0	-2.73084
9.8181	-12.0229	-0.0458219	-2.67677	9.75861	-12.0491	9.75	-12.05	0	-2.73085
9.77413	-12.1222	-0.368355	-2.27586	9.63743	-12.1863	9.65	-12.2	-1.81598	-2.72396
9.68479	-12.2941	-0.548136	-2.39967	9.56514	-12.3446	9.55	-12.35	-1.81597	-2.72396
9.60309	-12.3597	-0.968882	-1.84425	9.47157	-12.4849	9.45	-12.45	-1.82132	-1.82133
9.47738	-12.5045	-1.15623	-1.9617	9.34752	-12.5408	9.35	-12.55	-1.82131	-1.82131
9.40769	-12.6176	-1.17743	-1.96794	9.32154	-12.7193	9.3	-12.65	-0.908038	-1.81606
9.3088	-12.7414	-1.26365	-2.01209	9.24151	-12.7411	9.25	-12.75	-0.908029	-1.81605
9.1832	-12.7623	-1.72952	-1.31207	9.04013	-12.7738	9.05	-12.85	-3.64007	-1.82004
8.99542	-12.8891	-1.97108	-1.45682	8.83995	-12.9425	8.85	-12.95	-3.64007	-1.82003
8.87335	-12.9349	-2.13824	-1.22262	8.73518	-13.0163	8.75	-13	-1.9959	-0.997948
8.72161	-13.0188	-2.25342	-1.28409	8.6395	-13.0341	8.65	-13.05	-1.9959	-0.997948
8.57627	-13.0517	-2.42788	-0.994567	8.48414	-13.0416	8.5	-13.1	-2.73149	-0.910502
8.40582	-13.1261	-2.52483	-1.04683	8.34268	-13.1451	8.35	-13.15	-2.73146	-0.910485
8.25781	-13.173	-2.58658	-0.95392	8.19497	-13.1991	8.2	-13.2	-2.72385	-0.907955
8.09597	-13.2338	-2.63663	-0.976668	8.06107	-13.2364	8.05	-13.25	-2.72383	-0.907947
7.92944	-13.2346	-2.83608	-0.582005	7.88931	-13.1791	7.9	-13.25	-2.72673	0
7.76996	-13.2631	-2.84288	-0.57601	7.75593	-13.2425	7.75	-13.25	-2.72673	0
7.59609	-13.252	-2.98908	-0.276345	7.52542	-13.1457	7.6	-13.25	-2.72991	0
7.44161	-13.2578	-2.96144	-0.254969	7.44992	-13.2329	7.45	-13.25	-2.72991	0
7.24591	-13.1855	-3.26999	0.406571	7.19347	-13.1392	7.25	-13.2	-3.63887	0.909723
7.06242	-13.1637	-3.27937	0.404401	7.05468	-13.1604	7.05	-13.15	-3.63887	0.909723
6.89569	-13.1796	-3.14127	0.0957145	6.90569	-13.1515	6.9	-13.15	-2.72312	0
6.72981	-13.1653	-3.12001	0.115206	6.73255	-13.1364	6.75	-13.15	-2.72312	0
6.58112	-13.1725	-3.10019	0.0759654	6.69426	-13.3705	6.6	-13.15	-3.00475	0
6.429	-13.1635	-3.09139	0.0865029	6.42749	-13.1436	6.45	-13.15	-3.00472	0
6.27728	-13.1397	-3.13639	0.25824	6.4246	-13.2048	6.35	-13.1	-1.9976	0.998786
6.17112	-13.1016	-3.00012	0.319847	6.2503	-13.0552	6.25	-13.05	-1.99758	0.998786
6.00874	-13.0632	-3.053	0.514871	6.162	-13.1569	6.1	-13	-2.72732	0.909111
5.88814	-13.0067	-2.92417	0.580844	5.95166	-12.9396	5.95	-12.95	-2.72732	0.909111
5.72651	-12.9516	-2.96741	0.74301	5.78184	-12.8825	5.8	-12.9	-2.72895	0.909657
5.59957	-12.8901	-2.86919	0.791417	5.64785	-12.8416	5.65	-12.85	-2.72896	0.909648
5.43836	-12.8041	-2.96462	1.12398	5.54035	-12.7925	5.55	-12.75	-1.81808	1.81809
5.34178	-12.712	-2.78666	1.19769	5.43842	-12.6552	5.45	-12.65	-1.81809	1.81809
5.18996	-12.6101	-2.85202	1.47565	5.33087	-12.5965	5.3	-12.55	-2.7236	1.81575
5.07108	-12.5072	-2.74799	1.52603	5.12059	-12.4527	5.15	-12.45	-2.72358	1.81572
4.93581	-12.4343	-2.70208	1.48362	5.13793	-12.5907	5.05	-12.35	-1.81967	1.81966
4.85769	-12.316	-2.51123	1.56973	4.95241	-12.2277	4.95	-12.25	-1.81967	1.81967
4.71644	-12.1801	-2.60501	1.93897	4.81467	-12.1072	4.85	-12.1	-1.81844	2.72766
4.64771	-12.0377	-2.40371	2.02414	4.75144	-11.9561	4.75	-11.95	-1.81844	2.72767
4.5415	-11.9502	-2.25881	1.75183	4.6829	-11.7433	4.7	-11.85	-0.909557	1.8191
4.52033	-11.8151	-1.98404	1.84979	4.67603	-11.7496	4.65	-11.75	-0.909553	1.81911
4.42374	-11.6913	-1.98378	2.00259	4.61619	-11.6508	4.6	-11.6	-0.907782	2.72335
4.40865	-11.5382	-1.72975	2.10678	4.5432	-11.4431	4.55	-11.45	-0.907778	2.72334
4.30941	-11.3418	-1.87417	2.69043	4.48104	-11.1618	4.5	-11.25	-0.910253	3.64099
4.30236	-11.1532	-1.61645	2.79259	4.44374	-11.0696	4.45	-11.05	-0.910253	3.64099
4.27029	-11.0833	-1.27034	2.05288	4.46178	-10.9843	4.45	-10.95	0	1.81804
4.29739	-10.9327	-1.01103	2.1513	4.4464	-10.8663	4.45	-10.85	0	1.81805
4.2852	-10.8605	-0.823353	1.84313	4.60972	-11.1274	4.45	-10.75	0	1.81614
4.32074	-10.7204	-0.604706	1.94041	4.43858	-10.6346	4.45	-10.65	0	1.81614
4.27287	-10.5321	-0.807626	2.56474	4.43099	-10.4242	4.45	-10.45	0	3.6396
4.31735	-10.3464	-0.56687	2.67825	4.44616	-10.2449	4.45	-10.25	0	3.6396
4.32564	-10.218	-0.388637	2.46086	4.52156	-10.1192	4.5	-10.1	0.910021	2.73005
4.40255	-10.0364	-0.124063	2.58324	4.55225	-9.94382	4.55	-9.95	0.910013	2.73003
4.41859	-9.89159	-0.0663065	2.63149	4.5897	-9.73456	4.6	-9.8	0.999085	2.99725
4.50122	-9.72156	0.163736	2.7374	4.64586	-9.65356	4.65	-9.65	0.99908	2.99724
4.55997	-9.60965	0.462733	2.30147	4.61159	-9.38621	4.7	-9.55	0.910095	1.82021
4.64088	-9.46505	0.608112	2.35924	4.7442	-9.45683	4.75	-9.45	0.910091	1.82018
4.68989	-9.33944	0.668182	2.3622	4.80746	-9.23434	4.85	-9.3	1.99828	2.99743
4.79891	-9.19094	0.867271	2.45471	4.94202	-9.15915	4.95	-9.15	1.99826	2.99739
4.85856	-9.03985	0.862619	2.56424	5.03379	-9.03255	5	-9	0.908384	2.72514
4.96056	-8.87367	1.00659	2.63904	5.06039	-8.84271	5.05	-8.85	0.908384	2.72514
5.07218	-8.77418	1.33442	2.23195	5.21058	-8.83852	5.15	-8.75	1.81679	1.8168
5.18345	-8.64127	1.43082	2.27049	5.26598	-8.6555	5.25	-8.65	1.81679	1.8168
5.26933	-8.51174	1.44461	2.29318	5.33786	-8.49992	5.35	-8.5	1.82017	2.73024
5.37771	-8.37269	1.51989	2.3347	5.43516	-8.36367	5.45	-8.35	1.82015	2.73022
5.49245	-8.26297	1.69563	2.15828	5.58025	-8.28767	5.55	-8.25	1.81852	1.81852
5.60363	-8.14343	1.73904	2.16955	5.65225	-8.1686	5.65	-8.15	1.8185	1.8185
5.72661	-8.04462	1.89188	2.01359	5.83663	-8.14888	5.75	-8.05	1.81752	1.81753
5.82335	-7.93986	1.87212	1.99687	5.81186	-7.95139	5.85	-7.95	1.81752	1.81752
5.93649	-7.84132	1.93145	1.92906	5.99151	-7.92468	5.95	-7.85	1.8194	1.8194
6.04229	-7.73835	1.92945	1.92236	6.04627	-7.74932	6.05	-7.75	1.81941	1.8194
6.11966	-7.60263	1.73107	2.1395	6.05883	-7.47931	6.15	-7.6	1.81742	2.72613
6.23305	-7.46838	1.77963	2.18547	6.26179	-7.43797	6.25	-7.45	1.8174	2.72611
6.38034	-7.37662	2.13485	1.8723	6.3458	-7.29797	6.4	-7.35	2.7248	1.81653
6.51598	-7.26048	2.18152	1.91139	6.55234	-7.24441	6.55	-7.25	2.72477	1.81651
6.65493	-7.17156	2.33569	1.76639	6.61964	-7.17343	6.65	-7.2	1.81957	0.909789
6.76501	-7.09912	2.28486	1.70097	6.74556	-7.15305	6.75	-7.15	1.81957	0.909785
6.90273	-7.0156	2.37204	1.62375	6.91901	-7.04822	6.9	-7.05	2.72946	1.81964
7.04112	-6.92641	2.38996	1.62843	7.06886	-6.94012	7.05	-6.95	2.72946	1.81964
7.1391	-6.81875	2.14894	1.80732	7.12574	-6.81829	7.15	-6.85	1.81554	1.81554
7.25422	-6.72508	2.13955	1.79206	7.25262	-6.73852	7.25	-6.75	1.81554	1.81554
7.35352	-6.621	2.0262	1.85918	7.30586	-6.61905	7.35	-6.65	1.82007	1.82007
7.46104	-6.52512	2.01553	1.84255	7.45762	-6.53827	7.45	-6.55	1.82005	1.82005
7.62745	-6.45857	2.44988	1.52707	7.59546	-6.48319	7.6	-6.5	2.72628	0.908764
7.74997	-6.39816	2.41461	1.46512	7.74315	-6.44913	7.75	-6.45	2.72628	0.908764
7.86665	-6.32184	2.31577	1.49335	7.8486	-6.40709	7.85	-6.4	1.81656	0.908285
7.97524	-6.27347	2.26307	1.40313	7.9584	-6.34152	7.95	-6.35	1.81656	0.908281
8.09636	-6.20209	2.26272	1.3812	8.05398	-6.23227	8.1	-6.25	2.73006	1.82003
8.22487	-6.13024	2.27002	1.37403	8.24773	-6.1485	8.25	-6.15	2.73005	1.82003
8.3636	-6.05481	2.38049	1.32449	8.32369	-5.98136	8.4	-6.05	2.72692	1.81795
8.51197	-5.9634	2.42348	1.37832	8.55156	-5.93992	8.55	-5.95	2.7269	1.81794
8.61371	-5.87011	2.16877	1.53194	8.63806	-5.84559	8.65	-5.85	1.81844	1.81844
8.74109	-5.77332	2.18984	1.56654	8.7543	-5.75242	8.75	-5.75	1.81843	1.81843
8.89046	-5.69312	2.3652	1.49389	9.00947	-5.71389	8.9	-5.65	2.72464	1.81643
9.03633	-5.58482	2.40577	1.56547	9.06113	-5.54128	9.05	-5.55	2.72465	1.81643
9.14148	-5.48512	2.19312	1.67885	9.13937	-5.44533	9.15	-5.45	1.81916	1.81918
9.26355	-5.37571	2.20176	1.72169	9.24452	-5.3352	9.25	-5.35	1.81916	1.81916
9.38187	-5.2827	2.22334	1.70136	9.26221	-5.25032	9.35	-5.3	1.81895	0.909466
9.4835	-5.21802	2.17376	1.61969	9.43645	-5.25801	9.45	-5.25	1.81894	0.90947
9.56277	-5.11812	1.81077	1.77478	9.71784	-5.19928	9.55	-5.1	1.81986	2.72981
9.6654	-4.99907	1.82345	1.82996	9.64908	-4.9531	9.65	-4.95	1.81987	2.72981
9.76196	-4.89323	1.81949	1.84034	9.67182	-4.82288	9.75	-4.85	1.81736	1.81735
9.86682	-4.77631	1.83321	1.88182	9.86682	-4.74721	9.85	-4.75	1.81736	1.81735
9.96188	-4.66906	1.79085	1.90324	9.94653	-4.64316	9.95	-4.65	1.81806	1.81805
10.0642	-4.55622	1.8003	1.92553	10.0706	-4.54316	10.05	-4.55	1.81805	1.81805
10.2305	-4.46562	2.26957	1.77147	10.4074	-4.52899	10.2	-4.45	2.72609	1.8174
10.3543	-4.36312	2.26878	1.78379	10.3431	-4.35107	10.35	-4.35	2.72606	1.81737
10.3764	-4.23852	1.45288	2.05256	10.3837	-4.17982	10.4	-4.2	0.908945	2.72688
10.4607	-4.10602	1.4657	2.10449	10.4578	-4.07071	10.45	-4.05	0.908953	2.72687
10.578	-3.9925	1.75993	2.0323	10.5531	-3.94939	10.55	-3.95	1.81903	1.81904
10.6713	-3.86885	1.75632	2.0617	10.6424	-3.84126	10.65	-3.85	1.81902	1.81903
10.7562	-3.74566	1.70437	2.0938	10.6157	-3.63689	10.75	-3.7	1.81931	2.72896
10.8572	-3.59707	1.72466	2.18318	10.8572	-3.53957	10.85	-3.55	1.81931	2.72896
10.898	-3.47271	1.38551	2.28378	10.8149	-3.35552	10.9	-3.4	0.999745	2.99928
10.9685	-3.32108	1.39489	2.38149	10.9372	-3.24816	10.95	-3.25	0.999754	2.99928
11.0811	-3.18705	1.73531	2.32818	10.9078	-3.10703	11.05	-3.15	1.81764	1.81765
11.1693	-3.06053	1.72202	2.32173	11.135	-3.05697	11.15	-3.05	1.81763	1.81764
11.2087	-2.92636	1.29439	2.40092	11.1507	-2.87978	11.2	-2.9	0.909657	2.72896
11.2784	-2.77669	1.2942	2.44702	11.2571	-2.74346	11.25	-2.75	0.909648	2.72893
11.2047	-2.64399	0.163909	2.62262	11.2614	-2.58697	11.2	-2.6	-0.998725	2.99617
11.2032	-2.49433	0.149116	2.66821	11.1393	-2.45312	11.15	-2.45	-0.998725	2.99616
11.2642	-2.34235	0.583087	2.63213	11.2346	-2.28949	11.2	-2.3	0.908813	2.72643
11.288	-2.1878	0.569118	2.65571	11.239	-2.16508	11.25	-2.15	0.908805	2.7264
11.3339	-2.03654	0.742454	2.64994	11.1623	-1.9797	11.3	-2	0.909855	2.72956
11.3707	-1.87709	0.736147	2.6857	11.3424	-1.85113	11.35	-1.85	0.909847	2.72953
